   27.6200008    
   26.7600002    
   27.2399998    
   28.0499992    
   27.2600002    
   27.2600002    
   27.8099995    
   28.0200005    
   27.8899994    
   27.9500008    
   27.6000004    
   27.0400009    
   27.8199997    
   27.4799995    
   27.8700008    
   28.0900002    
   25.5599995    
   27.8700008    
   28.4099998    
   27.3199997    
   28.4899998    
   28.0799999    
   28.1599998    
   28.3799992    
   28.1800003    
   23.1700001    
   28.0200005    
   28.6200008    
   28.5900002    
   28.1900005    
   28.6100006    
   26.1299992    
   28.1499996    
   28.5799999    
   27.6200008    
   28.2600002    
   28.4400005    
   25.8999996    
   0.00000000    
