21.69
22.26
21.60
21.87
22.39
22.24
22.99
23.43
23.20
22.95
21.55
21.67
22.14
21.77
22.64
22.15
23.08
22.97
22.95
23.06
22.76
23.25
22.01
21.81
22.45
22.59
22.46
24.10
23.72
23.26
23.13
22.32
22.85
22.75
22.66
22.40
23.55
23.77
23.92
23.83
23.00
23.10
23.83
23.28
22.87
23.59
22.30
23.23
21.04
22.05
22.82
23.61
23.50
23.01
23.03
23.60
23.63
23.32
22.62
22.21
22.79
23.30
23.63
23.53
23.19
23.87
24.40
23.30
23.27
23.24
22.70
23.74
23.39
22.82
23.77
22.99
23.63
24.33
22.34
23.67
22.98
23.22
23.09
22.50
21.88
22.95
22.80
24.01
23.42
23.71
22.35
23.42
22.81
24.14
23.06
23.78
24.40
23.82
23.28
23.40
23.34
23.46
23.62
24.10
24.28
23.85
22.96
22.62
23.65
24.63
23.80
23.51
23.22
23.50
22.39
23.73
23.32
24.06
23.08
22.77
22.27
22.75
22.52
22.79
22.49
22.75
22.83
22.98
22.64
22.52
22.75
22.47
21.14
22.10
23.07
22.63
23.19
22.20
23.10
22.02
21.73
23.22
22.84
23.76
22.87
22.08
22.32
22.96
22.58
22.12
22.56
22.68
22.03
22.21
22.49
22.29
22.05
21.70
22.07
21.98
22.38
22.71
22.13
22.24
22.56
22.16
21.64
22.07
22.63
22.65
21.93
21.66
21.84
22.08
21.88
21.82
21.96
21.91
22.06
22.34
22.61
22.19
22.35
22.49
22.09
21.98
21.23
20.61
21.46
21.14
21.84
21.43
21.58
21.62
21.14
20.84
21.72
21.47
21.19
21.32
21.52
21.18
21.41
21.39
20.88
21.22
21.33
21.36
21.62
21.49
21.64
21.72
21.61
21.75
21.67
21.64
21.56
21.61
21.72
21.40
21.61
21.55
21.55
21.70
21.93
21.66
21.64
22.15
22.09
21.43
21.50
21.75
21.34
20.95
21.36
21.17
21.97
21.72
21.48
21.46
21.50
21.63
21.57
21.27
20.29
21.81
21.96
21.40
21.76
21.80
21.09
21.96
21.87
21.86
21.64
21.72
21.83
21.45
22.23
22.05
22.15
21.91
22.72
21.79
21.86
21.97
21.84
21.93
21.89
21.82
21.89
21.35
22.09
22.24
22.14
22.57
22.52
22.83
22.69
22.16
22.12
22.11
22.25
22.42
22.07
22.42
22.56
22.01
22.60
22.58
22.78
22.29
22.22
21.40
22.34
21.87
21.96
22.44
21.94
22.24
21.27
22.17
22.27
21.64
22.20
22.41
21.71
21.71
22.38
22.08
22.57
21.32
21.78
22.21
22.38
22.46
22.51
22.10
21.93
22.45
22.11
21.59
21.85
22.49
22.13
20.93
21.61
21.75
22.41
22.71
22.79
22.42
21.74
22.40
21.31
21.20
20.91
21.55
22.25
20.87
20.64
20.63
20.29
19.86
20.15
20.82
20.84
22.32
22.47
20.82
21.24
21.38
21.85
21.33
22.02
22.47
21.20
18.92
18.71
20.96
21.18
22.15
21.64
21.97
