18.98 
18.51 
17.36 
17.79 
19.06 
18.36 
19.25 
18.16 
18.39 
19.41 
21.50 
21.46 
21.49 
21.78 
22.92 
22.68 
21.03 
21.59 
20.60 
20.76 
20.84 
22.01 
22.13 
21.35 
17.94 
20.37 
22.57 
21.07 
20.08 
18.51 
21.41 
22.32 
22.49 
22.30 
21.84 
22.31 
23.22 
22.67 
22.46 
22.28 
22.13 
20.42 
22.05 
20.61 
22.10 
21.78 
22.65 
22.66 
23.13 
23.61 
22.59 
22.25 
23.22 
22.74 
23.43 
22.72 
23.57 
23.32 
21.68 
23.56 
23.81 
23.94 
23.41 
22.40 
23.08 
22.47 
22.90 
22.77 
22.83 
21.89 
21.96 
21.29 
21.82 
22.40 
21.98 
22.54 
23.14 
23.83 
21.85 
22.10 
21.80 
23.48 
23.61 
24.14 
22.96 
22.49 
22.63 
21.89 
21.73 
21.56 
21.84 
21.15 
22.44 
22.51 
22.18 
21.87 
22.56 
23.34 
23.21 
23.52 
23.73 
23.46 
24.08 
23.26 
24.03 
23.89 
22.95 
23.50 
22.17 
23.21 
23.57 
22.99 
22.89 
23.06 
22.46 
23.29 
23.66 
23.94 
23.07 
22.85 
23.01 
22.89 
22.36 
22.27 
22.28 
22.32 
22.64 
23.02 
22.07 
22.88 
21.58 
21.27 
22.58 
22.60 
21.84 
22.25 
22.92 
23.11 
22.42 
22.89 
22.29 
23.08 
21.13 
22.33 
22.48 
22.96 
22.42 
21.96 
22.46 
22.79 
22.70 
22.48 
22.57 
22.64 
22.87 
22.42 
23.62 
22.66 
22.63 
22.77 
22.37 
22.31 
20.59 
21.94 
22.32 
22.72 
22.44 
22.03 
22.19 
21.88 
22.38 
21.83 
22.02 
21.93 
22.14 
21.45 
22.14 
21.72 
20.91 
21.42 
21.37 
21.66 
21.97 
21.74 
21.66 
22.22 
20.84 
21.33 
21.28 
21.55 
21.29 
21.25 
20.95 
21.48 
21.82 
20.87 
21.18 
21.02 
21.18 
21.05 
21.27 
20.93 
21.65 
21.18 
21.08 
21.05 
21.01 
20.97 
20.71 
21.04 
21.04 
20.70 
20.18 
21.15 
21.35 
21.03 
21.32 
20.97 
21.40 
21.45 
21.76 
21.66 
21.62 
21.66 
21.55 
21.42 
21.44 
21.84 
21.89 
21.12 
20.49 
20.88 
20.88 
20.39 
21.75 
21.17 
20.49 
20.80 
18.81 
20.82 
20.70 
20.93 
20.97 
21.21 
21.34 
21.24 
21.42 
21.53 
20.85 
21.55 
21.05 
21.02 
20.75 
20.83 
21.42 
21.43 
21.48 
21.41 
21.22 
21.37 
21.54 
21.71 
21.74 
21.80 
21.20 
22.00 
22.03 
22.12 
22.09 
21.46 
21.56 
21.95 
21.68 
21.77 
21.31 
22.20 
21.79 
21.75 
22.02 
22.17 
22.82 
22.05 
21.44 
20.93 
21.48 
22.21 
22.06 
21.95 
20.81 
21.37 
21.43 
21.42 
22.13 
22.36 
21.25 
21.70 
21.74 
22.24 
21.64 
21.42 
21.40 
21.64 
21.59 
22.37 
21.85 
21.03 
21.23 
21.84 
20.34 
21.05 
21.45 
21.84 
20.97 
20.43 
21.54 
22.26 
21.61 
20.69 
21.99 
22.63 
21.51 
21.07 
21.85 
21.64 
20.98 
20.59 
20.90 
21.00 
19.77 
20.31 
21.46 
21.76 
22.53 
21.02 
20.92 
21.26 
20.50 
21.78 
21.64 
21.44 
21.08 
22.91 
20.32 
21.87 
22.29 
22.55 
22.30 
20.93 
21.96 
22.73 
22.06 
20.95 
21.87 
22.60 
22.67 
22.00 
21.03 
22.16 
22.48 
22.74 
22.72 
22.76 
22.54 
21.15 
21.74 
