21.86 
22.33 
22.43 
22.02 
21.22 
17.42 
16.11 
15.91 
16.34 
17.01 
16.45 
19.89 
21.69 
20.71 
22.58 
22.84 
22.81 
23.10 
22.58 
22.79 
23.00 
21.08 
18.96 
18.44 
17.35 
19.15 
17.65 
17.60 
17.63 
19.85 
19.42 
21.58 
22.10 
21.98 
22.55 
23.28 
23.47 
23.65 
22.70 
20.55 
21.90 
23.02 
22.75 
23.53 
23.01 
22.82 
22.02 
22.50 
21.69 
22.09 
21.82 
22.71 
20.91 
23.37 
22.92 
23.48 
21.85 
23.29 
23.01 
22.98 
21.86 
22.00 
22.63 
20.30 
21.40 
22.65 
23.19 
23.01 
23.12 
22.69 
22.77 
22.24 
21.94 
23.73 
22.21 
22.54 
23.08 
22.17 
22.67 
22.71 
22.49 
22.99 
22.15 
21.80 
22.47 
23.75 
22.40 
23.82 
23.76 
22.92 
21.92 
23.33 
22.31 
23.40 
22.69 
21.85 
23.75 
22.54 
22.58 
22.92 
21.68 
22.90 
22.63 
23.23 
23.38 
22.34 
22.98 
22.56 
22.61 
23.26 
23.06 
23.12 
22.81 
22.63 
23.08 
23.00 
22.84 
22.68 
22.94 
22.95 
23.11 
22.47 
22.44 
22.61 
22.43 
22.69 
23.07 
21.96 
21.85 
21.91 
21.62 
22.24 
22.75 
22.91 
22.40 
21.82 
22.16 
22.87 
22.43 
22.43 
22.47 
22.78 
23.20 
22.86 
21.84 
22.97 
22.98 
22.85 
22.89 
23.08 
22.63 
22.61 
22.61 
21.86 
21.76 
21.64 
22.10 
22.24 
22.60 
22.26 
22.45 
21.91 
22.63 
22.49 
21.92 
22.33 
22.46 
22.35 
21.94 
21.80 
22.11 
22.12 
21.89 
21.49 
21.81 
21.55 
21.92 
21.58 
21.76 
21.52 
21.16 
21.79 
21.63 
21.52 
21.60 
21.65 
21.50 
21.39 
21.83 
21.73 
21.60 
20.98 
21.54 
21.37 
21.01 
21.49 
21.96 
21.66 
21.37 
21.01 
20.73 
21.20 
21.54 
21.14 
21.02 
20.03 
21.15 
20.78 
21.36 
21.06 
21.62 
21.17 
21.31 
21.60 
21.28 
21.22 
21.10 
21.25 
21.36 
21.11 
21.16 
21.08 
21.29 
21.45 
21.80 
20.98 
20.66 
21.13 
21.13 
21.35 
20.89 
21.32 
21.46 
21.18 
21.44 
21.74 
21.06 
21.70 
21.83 
21.27 
21.47 
21.58 
21.14 
21.63 
21.38 
21.41 
21.78 
21.88 
21.62 
20.57 
21.87 
21.72 
21.81 
21.42 
21.30 
21.67 
21.48 
21.44 
21.52 
21.62 
21.61 
21.43 
21.66 
21.90 
21.97 
22.19 
21.96 
21.81 
21.23 
21.78 
22.09 
22.09 
21.87 
21.98 
21.55 
21.46 
21.68 
21.66 
21.93 
21.89 
21.57 
21.78 
21.79 
21.88 
20.87 
21.66 
21.52 
21.26 
21.37 
21.15 
21.20 
21.78 
21.68 
20.90 
21.10 
21.83 
21.21 
21.31 
21.67 
21.89 
21.53 
21.17 
21.28 
20.84 
21.20 
21.00 
21.50 
21.11 
21.00 
21.46 
22.11 
21.96 
21.08 
22.16 
22.49 
22.03 
22.13 
22.29 
22.46 
21.89 
21.77 
21.59 
21.42 
22.46 
21.06 
20.51 
21.24 
20.90 
20.56 
20.87 
20.63 
21.62 
21.25 
21.52 
21.36 
20.05 
21.86 
20.79 
21.58 
21.62 
19.31 
18.52 
20.40 
20.46 
19.27 
19.96 
20.81 
21.36 
22.50 
20.98 
21.95 
22.49 
22.26 
20.05 
22.36 
22.79 
22.99 
20.48 
22.62 
20.55 
20.57 
18.55 
18.72 
21.14 
21.89 
