18.02 
18.02 
17.72 
20.49 
22.36 
20.63 
20.90 
22.53 
21.53 
22.47 
21.24 
22.27 
22.33 
22.20 
22.00 
20.60 
21.08 
19.13 
20.04 
21.05 
21.91 
21.78 
23.34 
22.21 
21.60 
21.94 
22.21 
22.66 
22.15 
23.29 
22.48 
21.46 
21.90 
20.40 
21.26 
17.27 
17.92 
20.65 
20.67 
20.69 
18.94 
19.55 
20.72 
21.61 
22.42 
23.00 
23.29 
22.56 
21.87 
21.75 
22.58 
23.04 
22.24 
22.69 
21.53 
22.34 
23.81 
23.23 
21.46 
22.53 
22.49 
22.26 
23.42 
22.95 
21.71 
22.74 
23.23 
23.28 
23.15 
23.13 
23.49 
23.30 
22.34 
22.66 
22.79 
23.06 
22.93 
22.58 
22.60 
23.11 
23.72 
23.12 
23.08 
23.28 
22.69 
22.90 
23.55 
22.52 
22.88 
21.87 
22.76 
21.06 
22.73 
22.08 
21.65 
21.62 
22.08 
21.41 
22.69 
22.67 
21.83 
22.67 
22.92 
23.08 
22.81 
22.76 
22.38 
22.18 
22.26 
21.36 
22.45 
22.04 
22.15 
22.39 
23.32 
22.08 
22.80 
23.03 
22.58 
22.90 
22.44 
23.39 
22.48 
21.99 
22.64 
23.01 
22.85 
21.54 
22.48 
22.76 
22.96 
22.76 
21.87 
22.26 
23.15 
22.80 
22.58 
22.09 
21.99 
22.22 
22.20 
22.58 
22.56 
22.52 
22.87 
22.24 
23.40 
22.64 
22.00 
21.73 
22.55 
22.36 
22.03 
22.17 
22.16 
22.20 
22.03 
21.83 
22.32 
22.03 
21.75 
22.09 
21.81 
21.51 
21.46 
21.67 
22.34 
21.73 
20.61 
22.12 
21.38 
20.95 
21.03 
20.90 
21.78 
21.50 
21.79 
20.81 
20.50 
21.50 
21.64 
21.89 
20.94 
21.57 
20.77 
20.94 
20.86 
20.84 
20.92 
20.90 
21.37 
21.33 
20.65 
21.26 
21.23 
20.90 
20.83 
20.73 
20.76 
21.45 
20.99 
21.01 
20.97 
21.43 
19.97 
21.18 
20.97 
21.09 
20.53 
21.43 
21.49 
20.66 
21.30 
21.28 
21.34 
21.39 
21.48 
21.51 
21.32 
21.32 
20.90 
21.24 
21.20 
21.78 
21.94 
21.48 
21.31 
21.22 
21.31 
21.36 
20.13 
21.50 
21.32 
20.91 
21.49 
21.60 
21.51 
21.49 
21.35 
21.52 
21.91 
21.99 
21.40 
21.01 
21.16 
21.85 
20.85 
20.69 
21.65 
21.46 
21.70 
21.50 
21.19 
21.37 
21.35 
21.76 
21.41 
21.45 
19.84 
21.82 
21.36 
20.83 
21.52 
21.48 
21.85 
21.79 
21.38 
22.09 
21.31 
21.67 
21.88 
21.82 
21.18 
21.65 
21.90 
21.51 
21.31 
22.01 
21.85 
21.73 
21.85 
22.31 
22.10 
21.00 
22.12 
21.26 
20.40 
21.58 
21.72 
21.46 
20.83 
22.21 
22.90 
21.22 
22.14 
22.40 
22.12 
22.44 
21.91 
22.26 
21.65 
21.92 
21.81 
21.26 
21.63 
21.59 
21.87 
22.39 
21.81 
20.38 
21.36 
21.52 
21.60 
21.23 
20.98 
21.63 
20.06 
20.50 
19.91 
21.99 
23.47 
22.33 
21.93 
21.41 
20.39 
22.09 
22.04 
21.89 
21.75 
22.50 
21.24 
20.94 
21.61 
22.69 
21.83 
21.32 
21.31 
19.99 
19.14 
19.34 
19.33 
19.40 
20.62 
22.76 
22.54 
22.03 
18.14 
17.42 
17.74 
18.57 
18.81 
18.84 
18.23 
17.78 
18.63 
18.45 
20.98 
19.47 
19.58 
22.12 
22.00 
22.03 
22.68 
23.00 
22.19 
