21.97 
20.99 
19.87 
19.98 
21.73 
21.19 
19.77 
20.09 
18.48 
21.90 
20.40 
20.87 
18.49 
19.17 
19.08 
19.69 
18.31 
17.08 
18.12 
19.36 
19.31 
19.03 
17.95 
17.97 
19.22 
21.50 
22.22 
22.07 
23.04 
23.63 
23.56 
22.82 
22.33 
22.48 
23.31 
23.07 
21.73 
22.99 
22.62 
21.15 
21.61 
21.64 
22.67 
22.71 
23.46 
23.24 
23.09 
22.91 
21.28 
21.53 
21.66 
21.64 
23.76 
23.57 
23.74 
23.70 
22.74 
21.90 
21.49 
20.97 
21.24 
22.33 
22.36 
22.75 
22.30 
23.10 
22.07 
21.71 
22.50 
22.15 
21.50 
22.71 
23.26 
23.48 
23.11 
22.18 
21.74 
22.16 
22.54 
22.20 
22.50 
23.00 
22.90 
22.46 
22.30 
22.52 
21.97 
22.84 
22.80 
22.96 
23.56 
21.52 
23.09 
23.10 
22.82 
22.83 
22.81 
23.30 
23.39 
23.29 
22.26 
23.08 
23.29 
22.89 
24.36 
23.43 
24.03 
24.27 
24.03 
23.20 
23.94 
23.85 
23.60 
22.97 
22.30 
22.38 
23.07 
22.62 
22.42 
22.14 
24.01 
23.34 
22.88 
22.40 
23.14 
22.57 
22.58 
22.44 
23.37 
23.03 
23.19 
23.64 
21.40 
22.39 
22.95 
23.29 
23.55 
22.81 
21.98 
22.14 
22.69 
21.55 
21.53 
22.13 
22.80 
22.66 
22.71 
22.64 
21.14 
22.44 
22.94 
21.99 
22.24 
22.69 
22.77 
22.65 
22.36 
21.97 
22.01 
21.11 
21.38 
22.06 
21.75 
21.77 
22.05 
21.90 
21.75 
22.10 
22.42 
22.56 
22.20 
21.92 
22.02 
22.02 
22.32 
22.58 
22.39 
20.55 
20.97 
21.38 
22.50 
21.94 
21.77 
21.55 
21.26 
21.06 
21.63 
21.15 
21.45 
21.46 
21.53 
21.32 
20.72 
21.65 
20.93 
20.89 
21.10 
21.02 
21.59 
20.96 
20.66 
21.79 
21.36 
21.73 
20.93 
20.71 
21.77 
21.33 
21.71 
20.67 
19.96 
21.20 
20.55 
20.83 
20.86 
21.20 
21.05 
21.07 
21.06 
20.77 
21.27 
21.63 
21.78 
20.94 
20.82 
21.41 
21.55 
20.96 
21.12 
21.49 
21.71 
21.35 
21.66 
21.54 
21.61 
21.31 
21.00 
21.75 
21.99 
21.29 
20.91 
21.56 
21.48 
20.86 
20.98 
20.62 
21.51 
21.25 
21.73 
20.15 
21.46 
21.32 
21.39 
21.39 
21.05 
21.33 
20.80 
21.27 
21.15 
21.37 
20.95 
20.79 
21.41 
21.16 
21.77 
21.82 
21.15 
21.17 
21.64 
21.07 
21.04 
21.28 
21.81 
22.02 
21.56 
21.61 
21.70 
22.16 
22.24 
21.29 
20.22 
21.39 
21.41 
21.90 
21.23 
21.52 
21.82 
21.84 
21.84 
22.11 
22.16 
21.76 
21.60 
21.54 
21.94 
22.00 
22.21 
22.12 
21.78 
22.02 
21.59 
21.37 
20.71 
21.55 
21.44 
21.06 
22.29 
21.70 
21.67 
21.54 
21.78 
22.32 
22.11 
21.75 
21.25 
21.28 
21.64 
20.29 
20.16 
21.22 
21.86 
21.69 
22.25 
21.84 
22.53 
20.85 
20.95 
20.01 
20.43 
21.07 
21.94 
21.27 
22.43 
21.90 
21.69 
22.61 
21.17 
20.52 
21.30 
19.98 
21.35 
18.16 
17.06 
18.82 
20.13 
20.54 
21.24 
21.08 
20.96 
21.77 
21.37 
19.90 
20.26 
20.15 
19.80 
18.91 
19.17 
20.24 
21.43 
21.51 
21.64 
19.53 
18.34 
20.77 
20.28 
