21.65 
22.09 
20.93 
19.90 
18.73 
16.80 
18.17 
16.34 
16.56 
17.20 
18.45 
17.83 
20.63 
18.88 
17.77 
19.16 
19.29 
18.82 
19.21 
20.43 
21.33 
20.18 
21.05 
19.75 
18.98 
17.72 
17.04 
19.63 
21.00 
20.20 
17.06 
16.93 
18.33 
19.78 
20.52 
22.67 
22.39 
23.45 
23.17 
23.58 
22.68 
22.38 
23.42 
23.94 
23.38 
22.71 
22.79 
24.19 
23.85 
23.46 
23.42 
22.63 
23.43 
23.80 
24.40 
24.24 
23.47 
23.52 
23.14 
23.20 
24.65 
21.91 
22.41 
23.54 
23.16 
23.72 
23.87 
23.11 
23.10 
23.47 
24.18 
23.29 
24.31 
24.60 
24.90 
24.15 
24.08 
23.57 
24.40 
24.42 
24.29 
23.52 
24.58 
23.51 
24.49 
24.53 
23.98 
24.47 
24.30 
23.60 
22.82 
23.48 
22.46 
21.60 
23.08 
23.25 
24.41 
24.53 
23.49 
23.65 
23.88 
22.93 
23.22 
22.50 
23.60 
24.47 
23.69 
23.29 
23.17 
23.33 
24.07 
24.24 
24.23 
23.86 
23.60 
23.65 
23.03 
22.22 
23.14 
23.56 
24.67 
24.41 
23.44 
23.10 
23.11 
23.05 
23.34 
24.12 
23.77 
23.95 
23.00 
23.59 
23.49 
24.30 
23.22 
23.63 
22.61 
23.11 
23.63 
22.89 
23.78 
23.66 
23.22 
23.36 
22.87 
22.98 
22.89 
23.12 
22.79 
21.27 
22.24 
23.27 
23.13 
23.19 
22.70 
23.01 
22.84 
22.54 
22.76 
22.55 
22.11 
22.87 
22.29 
22.10 
22.52 
22.62 
22.05 
21.91 
22.34 
21.78 
21.96 
21.54 
21.94 
22.51 
21.74 
21.54 
21.22 
21.98 
22.16 
21.86 
22.18 
21.69 
21.54 
21.64 
21.62 
22.19 
21.79 
21.28 
21.17 
21.58 
21.49 
22.07 
21.84 
21.63 
21.64 
22.03 
22.30 
22.00 
21.88 
21.25 
22.17 
21.83 
21.78 
21.45 
21.60 
21.76 
21.53 
21.66 
21.64 
21.85 
22.27 
21.46 
20.81 
22.77 
22.16 
21.60 
21.26 
21.65 
21.38 
21.69 
21.68 
21.54 
21.85 
21.40 
21.27 
21.32 
21.32 
21.75 
21.68 
21.15 
21.14 
21.73 
21.17 
20.98 
20.99 
20.37 
22.06 
21.67 
21.61 
21.15 
22.04 
21.65 
21.27 
21.04 
21.69 
22.13 
21.62 
21.55 
22.03 
21.29 
21.86 
21.77 
21.57 
21.50 
21.93 
21.80 
21.30 
21.24 
21.57 
21.94 
21.59 
21.72 
21.82 
21.49 
21.40 
21.33 
21.45 
20.70 
21.35 
21.70 
21.90 
21.43 
22.16 
21.94 
21.84 
21.52 
21.26 
21.46 
20.81 
21.41 
21.80 
21.72 
21.98 
21.54 
22.66 
22.30 
20.74 
20.63 
21.57 
21.65 
21.55 
21.26 
21.41 
22.08 
21.69 
20.75 
20.95 
19.98 
21.26 
21.55 
22.66 
22.37 
21.06 
20.56 
22.40 
22.19 
22.89 
22.65 
21.95 
21.86 
20.75 
22.31 
22.51 
21.45 
21.63 
21.62 
21.84 
21.77 
21.90 
21.59 
21.01 
22.79 
21.63 
20.84 
20.00 
22.30 
21.77 
20.31 
20.61 
22.18 
21.69 
21.14 
20.44 
21.65 
21.66 
21.15 
20.65 
20.43 
20.72 
21.33 
22.14 
21.12 
21.44 
21.79 
22.01 
21.67 
21.46 
22.35 
21.66 
20.85 
22.19 
22.32 
21.03 
21.58 
20.39 
21.46 
21.00 
19.98 
20.53 
21.21 
21.86 
21.04 
21.60 
21.64 
21.24 
