19.54 
18.28 
16.82 
17.35 
18.11 
19.53 
18.80 
17.59 
19.71 
19.56 
20.05 
19.42 
19.49 
20.05 
20.67 
21.45 
22.09 
22.31 
21.52 
20.34 
21.07 
21.34 
20.75 
20.49 
20.92 
21.59 
21.41 
21.70 
21.55 
21.78 
22.20 
21.23 
20.74 
19.08 
20.47 
19.72 
20.69 
19.60 
22.45 
22.38 
23.02 
22.09 
23.50 
21.18 
21.55 
22.06 
22.80 
23.12 
22.74 
23.82 
23.20 
20.83 
19.86 
21.64 
22.92 
23.01 
23.87 
24.59 
24.22 
23.32 
23.28 
23.31 
23.86 
23.80 
22.87 
22.69 
23.29 
23.42 
22.69 
22.72 
22.17 
22.82 
21.96 
23.07 
22.09 
22.19 
21.21 
21.31 
22.29 
23.03 
21.60 
23.82 
23.06 
23.43 
23.79 
23.47 
22.84 
22.93 
21.23 
21.52 
22.18 
21.86 
22.99 
23.20 
23.97 
22.48 
23.46 
23.02 
22.86 
23.86 
23.76 
23.39 
22.26 
22.94 
22.62 
22.75 
22.36 
23.33 
23.18 
22.55 
23.12 
23.18 
23.21 
23.67 
22.77 
22.89 
23.92 
23.29 
23.71 
22.90 
23.38 
21.67 
22.43 
23.04 
22.01 
22.80 
22.65 
22.01 
22.62 
22.45 
21.76 
21.63 
21.53 
21.77 
21.83 
21.67 
22.79 
22.40 
22.15 
22.80 
21.88 
22.20 
22.39 
22.51 
22.68 
22.93 
22.26 
23.21 
22.52 
23.07 
22.44 
22.65 
22.59 
22.52 
22.22 
22.22 
23.30 
22.68 
22.49 
23.40 
22.69 
21.26 
22.70 
21.93 
21.85 
21.67 
21.66 
21.93 
22.34 
20.98 
21.84 
22.10 
21.20 
21.53 
21.32 
21.90 
21.32 
20.57 
21.88 
21.94 
21.06 
20.49 
20.70 
21.45 
22.08 
21.66 
21.38 
21.01 
21.46 
22.20 
21.10 
21.13 
21.11 
20.92 
21.44 
20.44 
20.62 
22.17 
21.25 
21.01 
20.99 
21.58 
21.28 
20.92 
21.51 
20.83 
21.41 
21.43 
21.60 
21.70 
21.53 
21.59 
21.27 
21.03 
21.40 
21.69 
21.40 
21.63 
21.62 
21.65 
21.18 
20.93 
20.69 
19.21 
21.39 
21.47 
21.34 
20.91 
21.09 
20.97 
21.35 
21.51 
21.54 
21.07 
20.94 
21.17 
21.44 
20.25 
21.42 
21.21 
21.03 
21.31 
20.87 
21.38 
21.91 
21.89 
21.64 
21.53 
21.72 
22.11 
21.42 
21.66 
21.80 
21.69 
21.29 
21.58 
21.66 
21.73 
21.57 
21.70 
21.96 
21.64 
21.37 
21.41 
21.76 
21.75 
21.31 
21.68 
22.05 
21.76 
21.34 
21.70 
21.30 
21.50 
21.94 
21.93 
21.61 
20.91 
21.89 
21.23 
21.41 
21.32 
21.43 
21.59 
21.96 
22.17 
21.61 
21.85 
21.54 
21.59 
20.82 
21.72 
21.35 
21.28 
20.82 
20.55 
22.29 
20.98 
21.64 
22.14 
21.89 
20.99 
20.78 
21.66 
21.91 
21.66 
20.03 
20.79 
21.41 
22.53 
21.98 
22.10 
22.88 
23.16 
20.90 
21.55 
21.33 
20.79 
21.85 
21.53 
23.31 
21.60 
21.53 
21.83 
23.11 
22.97 
22.22 
20.86 
20.90 
20.08 
22.50 
22.56 
22.57 
21.93 
22.26 
20.53 
21.96 
22.23 
22.09 
21.04 
21.23 
20.78 
20.70 
21.73 
20.96 
21.77 
20.83 
21.89 
20.78 
20.67 
21.75 
21.59 
21.30 
21.37 
21.00 
19.45 
20.23 
20.71 
19.63 
19.96 
21.19 
22.56 
22.43 
22.43 
22.24 
