21.43 
22.34 
21.04 
21.11 
20.54 
22.79 
22.84 
22.60 
22.38 
21.80 
21.60 
21.83 
22.45 
23.13 
23.16 
22.85 
23.51 
22.19 
22.37 
22.82 
22.75 
23.34 
22.70 
22.46 
22.11 
22.64 
22.14 
23.25 
22.28 
22.34 
22.17 
22.65 
21.88 
23.39 
23.32 
23.35 
22.91 
23.09 
22.89 
23.24 
23.74 
22.86 
22.71 
22.82 
22.66 
22.88 
22.67 
22.55 
22.20 
22.69 
21.99 
22.26 
22.28 
22.34 
22.93 
22.53 
23.43 
22.32 
22.65 
23.35 
22.27 
22.24 
23.90 
22.82 
22.93 
23.40 
23.26 
23.45 
22.69 
22.88 
22.33 
22.34 
23.80 
22.90 
22.52 
21.66 
22.86 
23.44 
23.13 
22.84 
22.59 
21.94 
22.99 
23.53 
23.07 
23.38 
22.94 
22.73 
22.64 
22.74 
22.69 
22.21 
22.77 
21.99 
22.70 
23.24 
23.87 
23.48 
23.24 
22.67 
23.16 
23.88 
23.07 
23.65 
22.69 
23.66 
23.16 
22.06 
23.37 
23.19 
23.73 
22.88 
22.70 
23.71 
24.40 
24.07 
24.06 
24.88 
23.56 
23.42 
22.67 
22.25 
23.87 
23.77 
23.00 
23.01 
23.81 
23.79 
24.36 
23.43 
23.73 
23.52 
23.97 
22.74 
22.58 
23.46 
21.80 
23.81 
22.51 
23.69 
23.79 
23.25 
23.17 
22.72 
22.75 
21.83 
23.41 
23.29 
23.63 
22.87 
22.33 
21.76 
22.06 
22.33 
21.63 
22.18 
22.17 
22.61 
21.68 
22.15 
22.89 
21.99 
22.44 
23.06 
22.97 
22.68 
22.38 
21.99 
23.02 
23.05 
22.75 
22.68 
22.45 
21.58 
22.50 
22.37 
22.61 
22.12 
21.58 
22.68 
21.77 
21.55 
22.47 
21.77 
21.93 
21.88 
22.21 
22.34 
22.52 
22.42 
22.48 
22.19 
22.39 
22.15 
22.58 
21.87 
22.26 
21.72 
22.06 
22.19 
22.14 
22.16 
21.96 
22.38 
22.60 
22.69 
22.04 
22.08 
22.43 
22.57 
22.69 
22.53 
22.44 
22.61 
22.64 
22.54 
22.06 
21.52 
22.49 
21.34 
22.38 
22.23 
21.86 
21.49 
21.81 
21.79 
22.12 
22.26 
22.33 
21.85 
21.48 
21.96 
22.33 
22.03 
22.48 
21.86 
22.37 
22.04 
21.75 
21.87 
21.56 
22.18 
21.74 
22.13 
21.70 
22.35 
22.07 
22.61 
21.77 
22.03 
22.10 
21.93 
22.02 
22.03 
21.65 
22.51 
22.65 
22.19 
21.77 
22.21 
21.79 
21.94 
22.35 
21.77 
22.22 
22.03 
22.52 
22.04 
22.39 
22.04 
21.88 
22.16 
22.34 
21.94 
21.88 
21.95 
22.16 
22.03 
21.84 
22.23 
21.85 
22.16 
21.52 
22.64 
22.18 
22.01 
21.99 
20.87 
22.45 
22.62 
21.35 
20.98 
21.33 
22.54 
21.57 
22.31 
22.62 
22.32 
21.88 
21.97 
22.60 
23.14 
23.14 
23.13 
22.79 
22.98 
22.20 
22.71 
21.27 
21.21 
21.68 
22.70 
23.00 
22.56 
21.69 
21.22 
21.58 
21.83 
22.09 
21.75 
22.33 
22.99 
22.77 
21.90 
21.73 
22.51 
22.94 
22.99 
21.20 
21.61 
22.19 
23.33 
22.50 
22.64 
24.14 
23.54 
22.46 
21.96 
21.49 
22.15 
23.20 
21.21 
21.25 
22.08 
21.19 
21.68 
21.45 
21.89 
22.26 
22.94 
21.26 
22.61 
21.50 
21.60 
22.08 
20.97 
21.14 
20.80 
21.44 
21.69 
22.79 
22.12 
20.77 
18.85 
19.27 
