21.58 
21.84 
22.37 
22.29 
22.21 
19.07 
17.96 
16.72 
18.31 
18.00 
19.07 
16.84 
16.57 
18.94 
19.32 
18.61 
17.94 
17.96 
20.23 
19.40 
19.09 
20.49 
20.84 
20.50 
20.55 
20.64 
20.26 
20.13 
18.84 
20.99 
22.07 
23.07 
23.65 
22.50 
22.18 
22.49 
22.93 
21.58 
21.68 
23.32 
23.36 
22.91 
23.67 
23.27 
23.24 
21.95 
22.07 
22.40 
23.33 
22.65 
22.80 
21.92 
22.42 
22.79 
22.40 
22.81 
22.05 
22.74 
23.94 
23.18 
22.40 
22.76 
22.17 
24.13 
23.71 
23.20 
23.26 
23.11 
22.98 
21.59 
22.93 
21.82 
22.61 
22.74 
22.07 
22.51 
23.54 
23.08 
21.18 
21.05 
19.29 
18.55 
20.70 
21.88 
22.90 
22.86 
22.83 
21.96 
23.05 
22.58 
23.06 
23.12 
22.36 
22.70 
22.43 
23.07 
21.95 
22.24 
22.84 
21.99 
22.51 
22.51 
23.42 
22.99 
22.95 
23.53 
22.94 
23.00 
22.47 
23.91 
22.51 
23.81 
22.85 
23.16 
23.74 
23.26 
22.64 
23.33 
23.10 
22.21 
22.67 
23.41 
23.52 
23.65 
23.07 
23.19 
23.66 
22.62 
23.38 
23.09 
22.51 
23.04 
23.86 
23.63 
22.41 
23.00 
22.95 
22.81 
23.25 
22.81 
22.38 
22.45 
23.34 
22.71 
22.65 
22.28 
23.03 
24.14 
23.37 
23.47 
22.66 
21.81 
21.38 
21.71 
21.96 
22.72 
22.18 
21.64 
21.73 
22.26 
21.61 
21.95 
23.06 
22.83 
22.81 
22.33 
21.97 
21.60 
22.37 
22.30 
21.91 
22.72 
21.89 
21.32 
21.86 
21.72 
22.09 
22.13 
22.05 
21.71 
21.82 
21.70 
21.71 
21.50 
21.81 
21.61 
20.99 
21.69 
21.79 
21.54 
21.82 
21.22 
21.56 
21.51 
21.72 
21.54 
21.36 
21.18 
21.52 
21.33 
21.25 
20.76 
21.17 
21.71 
21.73 
21.41 
21.29 
21.00 
21.31 
21.23 
21.23 
21.49 
21.62 
21.83 
22.13 
21.47 
21.47 
21.52 
21.29 
21.74 
21.59 
21.75 
21.36 
21.50 
21.57 
21.50 
21.63 
21.32 
21.36 
21.44 
21.75 
21.21 
21.85 
21.57 
21.48 
21.43 
21.08 
20.96 
21.10 
21.26 
21.07 
21.23 
21.20 
21.06 
20.97 
21.67 
20.54 
21.73 
21.60 
21.02 
20.54 
21.53 
21.44 
21.68 
21.72 
21.42 
21.59 
21.72 
22.00 
21.68 
21.52 
21.95 
21.29 
20.98 
21.15 
21.38 
21.95 
21.28 
21.04 
20.90 
21.35 
22.01 
21.11 
21.43 
21.52 
22.28 
21.77 
21.10 
21.84 
21.45 
22.35 
22.41 
21.91 
21.11 
22.05 
21.90 
21.08 
21.73 
21.29 
22.19 
21.92 
20.56 
21.63 
21.92 
20.39 
21.97 
21.82 
20.86 
21.20 
22.68 
22.10 
22.58 
22.10 
22.12 
22.71 
22.23 
22.73 
21.42 
22.21 
21.53 
22.30 
22.20 
21.74 
21.78 
21.71 
21.77 
22.15 
22.77 
22.07 
21.74 
21.16 
21.97 
22.07 
21.75 
22.09 
21.33 
21.59 
22.31 
22.55 
21.69 
22.17 
21.64 
21.80 
20.42 
21.55 
21.08 
21.74 
21.44 
21.44 
21.23 
21.43 
21.39 
20.93 
20.96 
21.27 
21.97 
21.04 
20.95 
20.17 
21.50 
21.73 
21.52 
21.75 
22.65 
22.40 
21.43 
22.48 
22.53 
21.73 
21.25 
21.47 
21.83 
23.42 
18.94 
17.44 
