23.43 
21.01 
20.67 
21.88 
23.49 
23.32 
22.55 
22.66 
23.26 
23.10 
22.48 
21.63 
21.96 
22.09 
22.10 
22.34 
22.13 
22.50 
21.90 
21.87 
21.69 
20.91 
22.07 
22.74 
21.98 
22.56 
22.48 
22.05 
21.71 
20.54 
21.95 
19.45 
17.25 
17.27 
20.02 
20.39 
20.91 
22.03 
21.39 
22.77 
22.60 
22.50 
22.70 
20.61 
19.98 
19.16 
19.75 
20.25 
21.31 
22.25 
23.09 
22.80 
22.49 
23.35 
23.91 
23.88 
23.51 
22.62 
23.10 
22.40 
23.41 
22.45 
21.78 
21.93 
22.50 
22.55 
24.26 
24.26 
24.11 
23.87 
24.27 
24.52 
23.42 
23.15 
23.30 
23.05 
23.98 
23.28 
22.64 
23.67 
24.49 
23.46 
23.57 
23.13 
23.09 
22.67 
22.35 
22.60 
23.27 
22.55 
21.93 
22.66 
21.89 
22.53 
21.51 
22.74 
23.02 
22.31 
23.08 
22.99 
23.47 
23.19 
21.48 
22.67 
23.51 
22.88 
22.86 
22.52 
22.79 
22.58 
22.85 
22.74 
22.21 
21.93 
23.10 
23.16 
23.04 
22.86 
23.16 
22.45 
22.82 
22.46 
22.07 
22.01 
22.73 
21.81 
21.68 
22.21 
22.46 
22.64 
22.58 
22.62 
22.24 
22.88 
22.83 
22.20 
23.25 
22.29 
21.49 
21.56 
22.22 
22.78 
22.99 
23.31 
22.83 
23.02 
22.68 
22.84 
22.69 
22.49 
22.66 
22.67 
22.26 
21.94 
22.57 
21.76 
22.08 
21.65 
21.40 
22.62 
23.15 
22.41 
22.20 
21.54 
21.55 
21.62 
22.59 
22.00 
21.47 
21.93 
22.27 
22.36 
22.65 
22.24 
21.89 
21.89 
21.83 
21.69 
22.25 
21.89 
21.56 
21.99 
22.25 
21.85 
21.80 
21.79 
20.61 
21.16 
19.94 
21.09 
22.12 
21.33 
21.50 
22.49 
22.50 
21.82 
21.35 
20.55 
21.46 
21.79 
21.59 
21.30 
21.10 
21.71 
21.61 
21.27 
21.74 
22.03 
21.55 
21.28 
21.28 
20.83 
21.29 
21.85 
21.17 
21.62 
21.74 
21.77 
21.19 
21.22 
21.45 
21.03 
20.92 
21.26 
21.63 
21.56 
21.42 
22.22 
21.84 
21.85 
21.65 
21.24 
22.12 
22.19 
22.22 
21.52 
21.79 
21.88 
20.55 
21.94 
21.50 
21.27 
21.51 
22.45 
22.05 
21.77 
21.82 
22.14 
22.37 
22.08 
21.88 
21.52 
21.89 
21.35 
22.11 
21.74 
22.15 
22.12 
22.30 
21.95 
21.96 
21.57 
21.29 
21.72 
21.85 
22.77 
22.12 
21.08 
22.25 
22.52 
22.72 
22.04 
21.76 
22.20 
22.28 
22.28 
22.06 
22.19 
21.98 
21.86 
21.19 
22.71 
22.90 
22.01 
20.99 
21.48 
22.18 
22.78 
22.81 
22.22 
22.19 
22.66 
22.56 
21.91 
22.27 
22.58 
21.58 
22.14 
23.00 
23.17 
22.29 
23.26 
21.79 
22.51 
22.54 
22.21 
21.06 
22.77 
22.58 
22.82 
22.60 
21.57 
21.96 
21.73 
22.16 
22.27 
21.74 
22.72 
22.29 
22.27 
22.34 
22.92 
22.48 
20.83 
21.45 
21.39 
21.43 
22.71 
23.30 
23.13 
22.78 
22.68 
21.94 
22.32 
21.40 
22.23 
22.90 
22.60 
21.51 
23.53 
23.41 
23.02 
23.34 
22.70 
22.50 
23.05 
22.61 
22.01 
21.58 
21.80 
21.60 
21.91 
21.75 
23.05 
22.60 
22.42 
23.20 
22.44 
21.71 
19.41 
16.72 
17.47 
18.17 
20.14 
21.42 
