21.86 
21.50 
20.50 
21.72 
23.02 
22.85 
21.03 
21.19 
21.52 
21.38 
20.92 
21.83 
21.76 
21.89 
22.09 
21.86 
21.08 
22.18 
22.81 
22.28 
22.23 
21.70 
22.32 
20.97 
20.65 
21.01 
22.38 
18.41 
20.96 
22.41 
21.82 
22.13 
21.47 
22.04 
22.71 
22.51 
18.23 
17.79 
16.76 
18.31 
21.41 
22.97 
23.03 
22.76 
23.39 
23.12 
22.29 
21.86 
21.91 
21.98 
19.92 
19.33 
19.15 
21.33 
22.12 
23.74 
23.60 
23.40 
24.08 
22.79 
22.37 
23.32 
23.01 
22.74 
22.70 
23.14 
23.39 
23.63 
23.84 
22.96 
22.33 
23.11 
22.58 
23.04 
22.28 
22.45 
23.47 
22.78 
22.60 
23.70 
24.12 
23.03 
23.64 
23.42 
23.88 
22.92 
23.25 
23.42 
23.57 
23.33 
22.69 
22.70 
22.42 
23.30 
23.63 
23.10 
22.28 
21.84 
22.98 
23.85 
23.60 
23.27 
24.27 
23.86 
22.95 
22.22 
22.99 
23.03 
22.97 
23.56 
23.30 
23.31 
22.56 
23.36 
23.18 
22.31 
22.88 
23.02 
22.12 
22.53 
22.30 
23.62 
23.72 
21.52 
23.34 
22.78 
22.91 
23.38 
23.10 
21.97 
22.75 
22.81 
23.18 
23.39 
22.76 
22.42 
21.79 
20.87 
22.41 
23.20 
22.67 
22.15 
23.28 
23.06 
23.67 
22.37 
22.04 
22.29 
22.14 
22.56 
22.95 
22.81 
23.12 
22.92 
21.65 
22.32 
22.47 
22.61 
22.13 
21.96 
22.23 
22.91 
22.45 
20.91 
21.52 
22.74 
22.48 
22.20 
22.11 
21.98 
21.29 
22.24 
22.28 
22.81 
22.46 
22.15 
21.65 
22.38 
21.93 
20.79 
20.19 
22.04 
21.38 
19.77 
21.52 
22.05 
21.61 
22.04 
21.61 
21.25 
21.62 
21.37 
21.25 
21.39 
20.68 
21.78 
21.52 
21.57 
20.80 
21.26 
21.89 
21.51 
21.18 
21.34 
21.08 
20.95 
20.37 
20.92 
21.67 
21.03 
21.36 
21.24 
21.17 
21.81 
21.46 
21.13 
20.22 
20.23 
20.84 
22.21 
19.74 
20.80 
21.47 
21.02 
21.57 
20.85 
20.87 
22.10 
21.64 
21.74 
20.97 
21.36 
21.33 
21.18 
21.38 
21.23 
21.68 
21.51 
20.74 
21.13 
21.77 
21.69 
21.41 
21.32 
21.40 
21.25 
21.58 
21.18 
21.86 
21.48 
21.53 
21.00 
21.12 
20.85 
21.39 
21.98 
21.51 
21.75 
21.52 
21.64 
21.31 
21.51 
21.85 
21.60 
21.50 
21.67 
22.07 
22.31 
21.84 
21.49 
20.79 
21.66 
21.53 
21.01 
21.93 
21.54 
21.38 
21.24 
21.92 
21.43 
20.91 
20.95 
21.12 
21.39 
21.67 
21.09 
21.91 
21.43 
21.04 
21.14 
21.42 
21.92 
21.99 
21.16 
22.42 
21.50 
21.91 
21.97 
21.76 
20.88 
22.48 
22.40 
21.96 
21.10 
20.53 
21.57 
21.49 
21.34 
21.01 
20.59 
21.12 
21.60 
22.05 
22.24 
21.31 
21.04 
22.01 
22.49 
21.03 
20.64 
20.86 
21.90 
21.02 
21.93 
21.55 
21.55 
20.30 
21.98 
20.69 
22.02 
20.45 
20.95 
19.58 
20.09 
20.91 
21.10 
19.97 
21.06 
20.04 
20.34 
21.48 
21.10 
20.42 
21.24 
21.42 
19.37 
19.74 
19.72 
18.69 
18.88 
21.32 
21.43 
22.41 
21.40 
18.09 
18.05 
19.47 
21.63 
22.03 
21.94 
20.81 
19.68 
19.87 
20.16 
20.98 
