21.19 
20.93 
21.67 
22.64 
22.91 
22.64 
22.79 
21.61 
21.95 
21.29 
22.56 
22.12 
21.44 
21.93 
21.76 
22.26 
21.68 
21.74 
22.53 
23.07 
22.00 
21.15 
17.88 
17.33 
17.77 
17.69 
20.16 
21.02 
22.03 
23.24 
23.83 
23.68 
23.39 
23.51 
22.88 
21.55 
22.61 
22.11 
18.26 
17.24 
17.77 
19.08 
20.61 
19.79 
20.07 
21.99 
23.52 
23.86 
24.26 
23.68 
22.90 
23.36 
21.46 
21.44 
20.65 
19.87 
20.54 
19.55 
19.50 
21.88 
23.06 
23.89 
22.90 
23.06 
22.74 
23.59 
23.07 
23.53 
23.82 
22.54 
22.47 
23.14 
23.51 
24.03 
24.12 
24.09 
25.06 
23.74 
24.05 
23.56 
24.19 
23.63 
23.96 
24.40 
24.50 
23.63 
24.08 
25.27 
24.56 
24.17 
23.84 
24.00 
23.39 
23.79 
23.77 
24.02 
23.77 
23.30 
24.17 
23.79 
23.71 
23.60 
23.18 
23.18 
23.66 
22.76 
22.37 
22.50 
23.03 
23.65 
22.94 
23.13 
23.37 
24.25 
23.91 
24.26 
22.88 
24.26 
23.97 
22.74 
23.02 
23.19 
23.88 
22.60 
23.17 
22.68 
22.79 
23.32 
22.96 
23.29 
22.85 
22.65 
23.35 
23.54 
23.35 
22.72 
23.15 
23.12 
22.70 
23.52 
23.37 
23.83 
23.04 
23.28 
22.84 
23.03 
23.02 
22.57 
22.46 
22.69 
22.53 
21.80 
22.81 
22.73 
21.98 
22.70 
22.85 
22.76 
22.33 
22.83 
22.53 
23.44 
22.73 
22.69 
22.70 
22.22 
22.15 
22.14 
22.03 
22.51 
22.41 
21.95 
21.89 
22.64 
22.24 
21.80 
21.57 
21.35 
21.47 
21.08 
21.52 
22.34 
22.09 
21.44 
21.29 
21.53 
21.58 
21.73 
21.90 
22.23 
21.13 
21.24 
22.00 
21.33 
21.19 
21.06 
21.76 
21.08 
21.19 
20.90 
21.68 
21.76 
21.42 
21.06 
20.29 
21.34 
21.34 
21.31 
21.70 
21.45 
21.18 
21.03 
21.69 
21.32 
21.70 
21.06 
21.36 
21.22 
21.24 
21.25 
21.44 
21.25 
20.42 
21.53 
21.63 
21.01 
21.30 
21.15 
21.34 
21.58 
21.61 
21.32 
21.64 
21.50 
21.99 
21.93 
21.74 
21.70 
21.95 
21.67 
21.46 
21.95 
21.63 
21.75 
21.43 
21.14 
21.29 
21.86 
21.97 
21.63 
21.54 
21.55 
21.38 
21.70 
21.91 
21.86 
22.01 
21.02 
21.29 
21.90 
21.04 
21.29 
21.29 
21.18 
21.76 
21.94 
21.71 
21.63 
21.80 
21.76 
21.72 
21.61 
22.03 
21.88 
21.86 
21.19 
21.88 
21.49 
21.85 
21.37 
20.73 
21.75 
22.01 
21.74 
22.48 
22.20 
22.35 
22.30 
21.40 
21.05 
20.77 
20.93 
21.34 
22.02 
20.33 
21.79 
22.23 
22.50 
20.92 
21.14 
21.93 
22.31 
22.13 
21.70 
22.08 
21.03 
21.37 
20.85 
22.15 
21.96 
21.73 
23.16 
22.78 
22.17 
22.54 
21.95 
20.98 
21.31 
21.30 
22.05 
21.77 
22.47 
22.56 
22.15 
21.01 
21.12 
21.05 
22.55 
22.81 
22.21 
21.54 
21.24 
22.79 
22.53 
22.30 
21.46 
20.47 
22.85 
21.02 
22.60 
22.33 
22.67 
22.19 
21.32 
21.96 
22.12 
21.34 
20.25 
21.61 
21.46 
21.76 
22.75 
21.50 
21.68 
22.55 
22.09 
22.09 
21.48 
19.69 
20.37 
18.72 
19.21 
19.53 
18.99 
19.54 
