22.43 
22.02 
22.16 
21.59 
22.51 
21.45 
17.95 
16.98 
18.51 
19.34 
19.45 
21.25 
21.43 
20.81 
19.21 
17.11 
17.71 
18.41 
18.69 
17.48 
15.48 
18.41 
18.62 
20.80 
21.44 
22.77 
24.21 
23.54 
24.04 
24.01 
22.44 
22.68 
23.62 
24.48 
24.59 
24.59 
25.23 
24.98 
25.08 
24.65 
24.54 
24.46 
22.50 
22.06 
21.88 
21.65 
19.66 
21.47 
21.85 
22.87 
23.66 
24.73 
24.01 
23.61 
20.01 
22.49 
22.72 
24.26 
24.56 
25.22 
25.32 
25.52 
24.08 
23.58 
23.29 
24.30 
22.91 
24.01 
24.08 
25.12 
24.49 
25.02 
24.85 
24.67 
23.51 
23.47 
24.09 
25.26 
25.25 
24.26 
24.80 
23.67 
25.63 
25.67 
25.01 
24.80 
23.93 
24.55 
24.88 
24.15 
22.92 
24.86 
25.10 
24.54 
23.79 
23.87 
24.05 
25.05 
24.27 
24.53 
24.07 
23.53 
23.83 
24.08 
24.00 
24.55 
24.78 
25.01 
24.89 
23.72 
24.61 
23.83 
23.92 
24.62 
24.07 
24.02 
24.60 
24.06 
24.29 
24.12 
23.56 
23.31 
23.50 
23.98 
23.39 
22.87 
23.79 
23.60 
23.59 
24.29 
23.46 
23.52 
23.34 
22.44 
22.88 
23.14 
23.10 
23.39 
23.68 
24.08 
23.53 
23.90 
22.88 
23.66 
23.86 
23.63 
23.52 
23.70 
23.58 
23.76 
23.26 
23.60 
22.71 
21.52 
22.37 
21.54 
23.03 
22.62 
22.22 
22.51 
22.09 
21.85 
22.43 
21.84 
23.25 
22.51 
22.03 
22.05 
22.42 
22.76 
22.46 
21.82 
21.74 
21.43 
22.61 
22.83 
22.87 
21.87 
22.19 
22.26 
22.02 
22.26 
22.04 
21.67 
21.30 
22.00 
22.16 
22.17 
21.45 
21.92 
21.98 
22.12 
22.05 
21.78 
21.31 
21.64 
21.76 
21.40 
21.82 
21.58 
21.61 
21.34 
20.77 
20.74 
21.48 
21.45 
22.24 
22.29 
21.86 
21.20 
20.99 
21.29 
21.57 
21.35 
21.61 
21.25 
21.03 
21.11 
20.91 
21.86 
21.24 
22.02 
22.32 
21.87 
21.55 
21.72 
20.75 
20.74 
21.08 
21.73 
21.27 
20.73 
21.58 
21.57 
22.33 
21.83 
21.30 
21.71 
21.18 
22.20 
22.08 
22.05 
21.86 
21.48 
22.05 
21.64 
21.32 
21.44 
21.61 
21.55 
22.12 
21.62 
21.93 
21.68 
21.63 
21.89 
21.98 
21.91 
22.08 
21.82 
21.94 
21.99 
21.65 
21.76 
21.78 
21.46 
21.28 
21.34 
20.54 
21.59 
21.57 
22.16 
22.21 
22.08 
21.69 
22.26 
21.68 
21.55 
22.38 
22.05 
22.35 
21.92 
21.60 
22.55 
22.14 
22.02 
22.34 
21.96 
22.28 
22.03 
21.22 
21.76 
22.36 
22.00 
21.80 
22.27 
21.52 
21.43 
21.25 
21.76 
21.34 
22.21 
20.67 
21.41 
21.39 
21.61 
22.43 
22.19 
20.58 
22.74 
23.21 
22.28 
22.09 
21.05 
20.19 
21.30 
22.32 
21.15 
21.58 
21.88 
22.47 
22.81 
21.96 
21.16 
22.07 
22.73 
21.42 
20.62 
22.59 
23.17 
22.22 
21.61 
22.38 
21.52 
22.16 
22.03 
22.75 
22.59 
22.68 
21.64 
22.82 
22.75 
21.98 
21.09 
21.23 
22.21 
22.06 
20.87 
20.31 
19.60 
19.33 
19.64 
20.30 
18.37 
19.41 
19.02 
21.36 
22.12 
22.24 
20.73 
21.61 
22.34 
21.92 
22.19 
21.69 
