17.96 
19.34 
18.26 
17.77 
19.06 
21.35 
22.43 
21.22 
20.93 
22.43 
22.90 
22.11 
22.28 
22.16 
21.68 
20.83 
20.23 
22.20 
22.03 
20.93 
21.75 
19.33 
20.27 
21.64 
22.09 
22.59 
22.99 
21.92 
22.30 
23.07 
21.67 
21.44 
21.31 
21.90 
22.17 
21.87 
22.42 
22.14 
22.72 
23.56 
23.60 
23.45 
22.36 
22.30 
22.47 
20.72 
23.33 
22.57 
23.13 
22.75 
21.97 
23.11 
22.69 
23.54 
22.63 
21.76 
22.56 
23.54 
23.10 
22.61 
22.13 
22.51 
22.13 
22.54 
22.95 
23.70 
24.20 
23.58 
23.31 
22.94 
22.29 
22.78 
23.57 
23.57 
22.73 
21.74 
22.85 
24.21 
23.87 
23.57 
23.75 
22.68 
22.53 
23.35 
23.52 
23.51 
22.83 
23.02 
23.87 
23.88 
23.86 
23.80 
23.27 
21.83 
22.25 
22.12 
22.50 
21.81 
21.90 
22.72 
22.72 
23.21 
22.99 
22.52 
23.35 
23.25 
23.18 
22.48 
22.55 
23.34 
23.09 
22.64 
23.44 
23.54 
23.49 
23.84 
23.42 
22.15 
23.39 
23.31 
23.15 
22.57 
22.26 
22.91 
21.86 
21.86 
22.56 
21.91 
22.10 
23.06 
22.88 
22.65 
23.37 
22.01 
22.08 
22.34 
22.76 
23.11 
22.74 
22.69 
22.64 
21.70 
22.35 
22.91 
23.75 
23.50 
21.75 
22.27 
22.53 
22.26 
21.37 
22.89 
23.03 
21.92 
22.75 
22.65 
22.18 
21.94 
22.18 
21.95 
21.32 
21.84 
22.13 
21.60 
22.39 
21.87 
22.19 
22.45 
22.00 
21.58 
22.00 
21.99 
21.93 
21.84 
21.67 
21.57 
21.49 
21.88 
21.92 
21.68 
21.63 
21.59 
21.87 
20.64 
21.10 
21.99 
21.09 
21.14 
21.75 
21.41 
21.22 
21.76 
21.66 
21.48 
21.35 
21.50 
21.93 
21.48 
21.42 
21.15 
21.40 
21.20 
21.07 
21.67 
21.57 
21.46 
21.50 
20.95 
21.40 
20.99 
21.64 
21.47 
21.72 
21.37 
21.33 
21.52 
21.27 
21.19 
21.26 
21.34 
21.48 
21.39 
21.51 
21.27 
21.78 
21.41 
21.44 
21.57 
21.85 
21.59 
21.53 
21.80 
21.71 
21.38 
22.21 
21.94 
21.29 
22.00 
21.45 
21.36 
21.78 
21.91 
21.75 
21.58 
21.79 
21.31 
21.35 
21.68 
21.40 
21.45 
21.24 
21.39 
21.88 
21.79 
21.73 
21.80 
21.81 
21.97 
22.16 
22.10 
22.14 
21.83 
22.21 
22.21 
21.66 
21.80 
22.00 
21.54 
21.76 
22.11 
21.79 
22.10 
21.22 
21.21 
22.00 
21.40 
22.26 
21.89 
20.77 
22.09 
21.71 
21.13 
20.55 
21.64 
20.74 
20.76 
21.23 
21.82 
21.11 
21.57 
21.54 
21.32 
21.43 
20.96 
22.24 
20.78 
21.70 
21.78 
21.74 
21.84 
21.53 
21.26 
22.15 
21.18 
20.96 
21.08 
20.59 
21.55 
22.24 
22.55 
21.76 
21.40 
21.23 
21.26 
21.65 
20.57 
21.45 
21.46 
20.20 
20.49 
22.14 
21.85 
21.20 
20.24 
20.85 
21.14 
22.13 
21.95 
20.46 
20.30 
19.62 
20.65 
20.88 
20.97 
22.58 
20.14 
20.63 
21.07 
21.60 
19.66 
19.74 
19.08 
18.68 
18.51 
19.69 
20.36 
20.24 
19.69 
19.75 
19.52 
19.31 
20.36 
17.89 
18.32 
19.83 
20.46 
21.39 
21.79 
22.55 
22.20 
23.12 
22.30 
21.78 
21.00 
19.93 
