17.99 
15.89 
16.11 
19.32 
20.61 
19.65 
20.66 
20.34 
22.99 
22.28 
22.69 
23.42 
21.85 
22.49 
22.56 
23.24 
22.35 
22.28 
23.35 
23.64 
22.87 
22.95 
21.83 
22.86 
22.34 
22.60 
22.27 
22.39 
23.21 
21.64 
22.35 
22.93 
22.75 
22.96 
23.46 
22.80 
22.44 
22.47 
22.25 
22.56 
23.94 
22.39 
23.11 
22.61 
22.77 
22.85 
21.58 
22.13 
22.64 
21.43 
23.01 
24.17 
23.84 
24.06 
23.84 
23.89 
23.28 
22.90 
21.99 
23.12 
22.88 
21.39 
22.30 
24.27 
23.06 
23.01 
23.04 
22.32 
23.15 
23.75 
23.33 
23.52 
23.15 
23.43 
22.18 
23.68 
22.99 
23.53 
23.36 
23.72 
22.99 
23.11 
23.53 
23.59 
23.00 
23.05 
22.91 
22.89 
24.07 
23.89 
23.85 
23.32 
22.80 
23.84 
24.03 
22.86 
23.18 
22.97 
22.46 
23.65 
22.15 
22.89 
22.57 
22.93 
22.51 
22.48 
22.78 
23.34 
22.37 
23.83 
23.78 
23.65 
23.02 
24.07 
23.72 
23.84 
23.89 
23.67 
21.43 
22.79 
22.67 
23.45 
23.72 
22.80 
22.52 
23.20 
22.46 
23.64 
23.85 
23.35 
23.35 
23.76 
23.62 
23.49 
22.69 
22.33 
22.99 
22.74 
22.96 
22.10 
22.30 
22.39 
22.25 
22.40 
22.28 
22.50 
22.06 
21.89 
22.18 
21.89 
21.94 
21.64 
22.19 
22.33 
22.96 
23.17 
22.80 
23.37 
22.57 
23.43 
23.01 
23.00 
23.46 
22.92 
22.11 
22.39 
22.34 
22.25 
22.22 
22.35 
22.25 
22.16 
21.60 
21.17 
21.47 
22.84 
22.78 
22.32 
21.79 
21.47 
21.94 
22.14 
22.15 
21.96 
21.63 
21.46 
21.10 
21.96 
21.96 
21.81 
21.25 
21.53 
21.63 
21.84 
22.07 
21.41 
21.05 
21.73 
21.39 
21.58 
21.47 
21.73 
21.24 
20.87 
21.27 
21.74 
21.59 
21.54 
21.90 
21.20 
20.88 
21.09 
20.92 
21.26 
21.26 
21.38 
21.49 
21.05 
21.00 
21.12 
21.31 
21.87 
21.91 
22.05 
21.25 
21.72 
21.79 
21.32 
21.40 
21.21 
21.10 
21.09 
21.33 
21.08 
21.52 
21.83 
21.39 
21.51 
21.38 
21.56 
21.29 
20.87 
21.14 
21.49 
21.78 
22.03 
21.12 
21.28 
21.05 
21.23 
21.44 
21.73 
21.80 
21.75 
21.91 
21.74 
21.42 
21.53 
22.29 
22.08 
21.74 
21.75 
21.80 
21.71 
21.58 
22.02 
21.39 
21.83 
21.99 
22.03 
21.93 
21.93 
21.83 
21.79 
22.29 
22.10 
21.84 
21.17 
20.91 
21.66 
21.14 
21.43 
20.73 
21.47 
21.13 
21.45 
21.18 
21.61 
21.12 
21.00 
21.02 
21.02 
20.94 
20.74 
20.56 
20.94 
21.00 
20.68 
21.00 
21.00 
21.77 
21.66 
21.42 
21.75 
21.20 
20.86 
21.12 
21.70 
21.49 
21.88 
21.55 
21.08 
21.81 
21.32 
20.45 
20.76 
21.38 
22.06 
21.53 
21.08 
22.44 
21.94 
22.39 
22.30 
20.00 
20.86 
21.72 
22.52 
22.79 
21.90 
22.34 
22.36 
21.66 
21.84 
22.51 
22.33 
21.48 
21.87 
21.47 
21.88 
22.17 
21.26 
21.15 
22.51 
22.21 
22.29 
22.60 
22.62 
20.88 
20.50 
17.17 
18.03 
20.69 
21.12 
21.68 
21.18 
20.94 
17.91 
17.63 
20.35 
20.89 
21.66 
21.82 
20.32 
21.51 
