20.52 
22.07 
22.30 
22.45 
21.89 
21.66 
20.50 
18.46 
17.80 
18.68 
19.17 
18.79 
16.79 
17.48 
19.65 
21.36 
22.39 
21.44 
20.40 
20.07 
21.11 
20.80 
21.91 
22.38 
22.91 
22.72 
21.84 
21.68 
21.95 
22.24 
22.71 
23.45 
22.71 
23.63 
22.82 
23.19 
22.55 
21.41 
21.71 
22.11 
23.61 
23.76 
23.58 
22.99 
22.40 
22.99 
23.36 
23.36 
23.96 
23.85 
23.65 
23.55 
23.15 
23.85 
23.58 
23.44 
23.91 
24.02 
23.12 
23.36 
22.40 
23.11 
22.93 
23.23 
23.68 
23.76 
23.52 
23.66 
23.43 
23.78 
24.04 
23.08 
23.28 
23.20 
23.02 
24.41 
23.08 
23.53 
23.25 
23.34 
22.92 
23.41 
22.45 
21.88 
23.47 
23.00 
23.87 
23.14 
23.76 
24.42 
24.19 
23.67 
24.43 
23.68 
24.31 
22.35 
23.65 
24.53 
23.45 
23.82 
23.87 
22.97 
23.93 
23.82 
23.27 
24.55 
22.99 
24.55 
23.69 
23.90 
23.35 
22.91 
23.19 
22.83 
22.67 
24.16 
23.65 
23.19 
23.67 
23.51 
23.51 
23.28 
22.91 
22.54 
22.57 
22.99 
23.56 
22.97 
22.51 
22.44 
24.00 
22.50 
24.13 
23.03 
23.02 
23.64 
24.04 
23.21 
23.45 
23.63 
23.75 
24.22 
24.08 
22.79 
22.77 
22.77 
22.77 
22.97 
22.64 
22.30 
22.09 
22.27 
22.72 
22.46 
23.21 
22.99 
23.38 
22.48 
22.26 
23.06 
22.03 
22.70 
23.39 
23.06 
23.06 
22.64 
23.14 
23.01 
23.59 
23.17 
22.68 
22.65 
20.75 
22.77 
22.52 
22.27 
22.90 
21.36 
22.13 
22.34 
22.64 
22.04 
21.39 
22.19 
22.72 
21.75 
21.04 
22.30 
22.22 
21.61 
22.19 
21.72 
21.57 
21.95 
21.71 
21.79 
22.30 
21.94 
21.59 
21.72 
21.82 
21.74 
21.32 
21.68 
21.61 
21.59 
21.20 
21.44 
21.40 
21.80 
21.81 
22.04 
22.10 
21.95 
21.61 
21.92 
21.87 
21.79 
21.65 
21.72 
21.78 
21.92 
22.29 
22.24 
21.80 
21.87 
21.89 
21.99 
21.76 
22.29 
22.10 
21.99 
21.63 
22.05 
22.03 
21.58 
21.82 
21.74 
21.82 
21.76 
22.02 
22.52 
22.05 
21.82 
22.03 
21.85 
21.83 
22.36 
21.91 
21.65 
22.32 
21.98 
22.16 
22.46 
22.28 
22.06 
22.72 
22.01 
21.79 
21.90 
21.39 
21.72 
22.48 
21.49 
21.75 
21.97 
21.96 
21.73 
22.03 
21.58 
21.87 
22.18 
22.41 
22.06 
22.02 
21.89 
21.47 
22.51 
21.99 
22.11 
22.55 
21.67 
21.13 
21.54 
22.08 
22.50 
22.05 
22.62 
22.36 
21.59 
21.06 
21.56 
22.05 
21.59 
21.78 
21.05 
21.78 
22.20 
22.21 
21.43 
20.77 
21.58 
22.68 
22.60 
22.15 
21.99 
22.06 
22.22 
21.08 
21.87 
21.79 
22.28 
22.62 
21.30 
22.71 
21.63 
22.61 
22.39 
23.09 
21.43 
20.89 
21.11 
23.14 
20.80 
21.66 
21.04 
21.98 
21.89 
22.78 
22.55 
22.77 
23.14 
22.97 
20.72 
23.13 
22.61 
22.00 
21.25 
21.64 
21.94 
21.25 
20.44 
21.88 
22.41 
21.62 
22.84 
22.19 
22.86 
22.43 
22.55 
22.65 
22.88 
22.49 
22.63 
22.71 
21.31 
21.32 
21.19 
20.70 
18.54 
17.22 
17.28 
19.77 
20.00 
20.37 
