20.24 
21.64 
22.15 
22.54 
22.98 
22.46 
22.92 
22.06 
21.59 
21.79 
22.77 
22.52 
22.58 
22.83 
22.57 
22.44 
22.62 
23.27 
21.42 
22.10 
20.14 
21.79 
22.91 
22.37 
22.58 
23.68 
23.63 
22.32 
22.51 
22.40 
22.55 
23.49 
23.56 
23.22 
23.40 
23.36 
23.82 
21.83 
23.24 
22.40 
23.89 
23.24 
23.86 
23.21 
23.08 
21.95 
22.10 
23.09 
22.12 
22.55 
23.00 
23.44 
24.04 
23.16 
22.94 
23.42 
23.82 
23.14 
24.18 
23.42 
22.60 
22.96 
23.42 
22.58 
23.09 
23.10 
22.80 
23.15 
22.23 
22.60 
23.26 
23.31 
22.83 
22.48 
22.30 
23.64 
23.33 
22.34 
22.65 
22.92 
23.88 
22.37 
23.63 
22.98 
23.41 
23.11 
23.29 
22.66 
22.11 
23.20 
23.22 
23.89 
23.94 
23.43 
22.96 
22.41 
22.94 
22.87 
22.81 
23.68 
23.00 
23.27 
24.12 
23.75 
22.90 
22.64 
23.11 
23.01 
22.99 
22.97 
23.38 
23.55 
23.82 
23.69 
23.04 
22.61 
23.33 
23.42 
22.85 
23.27 
23.25 
23.44 
23.97 
23.59 
23.49 
23.56 
23.39 
23.82 
24.31 
23.92 
23.07 
23.18 
23.07 
23.32 
22.93 
22.86 
21.70 
23.10 
22.45 
22.07 
21.18 
22.18 
22.39 
22.12 
21.99 
22.00 
22.60 
22.52 
22.50 
21.90 
22.95 
23.27 
23.55 
23.47 
22.75 
23.42 
22.20 
22.73 
22.53 
22.52 
21.22 
21.55 
21.66 
21.99 
21.85 
22.39 
22.37 
22.54 
22.31 
22.80 
21.96 
21.78 
20.79 
21.90 
21.75 
21.16 
22.47 
22.83 
22.55 
22.94 
22.51 
21.97 
22.19 
22.01 
21.35 
21.77 
21.76 
21.96 
22.80 
22.34 
22.07 
22.35 
22.03 
21.84 
22.27 
21.82 
21.43 
22.26 
22.49 
21.78 
21.78 
22.13 
21.56 
21.57 
22.16 
22.08 
21.70 
20.70 
22.08 
22.09 
21.83 
21.43 
21.74 
22.01 
20.98 
20.93 
21.18 
21.37 
21.48 
21.61 
21.01 
20.56 
21.73 
21.81 
21.64 
21.97 
21.96 
22.05 
21.85 
21.88 
22.47 
22.00 
22.45 
22.32 
21.63 
21.18 
21.34 
20.72 
22.04 
21.76 
21.95 
21.86 
22.60 
21.83 
21.16 
21.25 
22.29 
21.65 
21.88 
21.71 
21.56 
21.52 
21.50 
21.71 
22.21 
21.45 
21.55 
22.18 
21.54 
22.00 
21.78 
21.60 
22.16 
22.30 
21.87 
22.17 
21.55 
21.48 
21.75 
21.73 
22.20 
22.24 
22.15 
21.63 
21.86 
21.99 
21.05 
22.43 
22.17 
22.31 
22.62 
22.56 
22.34 
22.50 
22.05 
22.48 
21.46 
22.41 
21.66 
21.71 
21.91 
22.72 
22.05 
21.97 
21.92 
22.98 
22.27 
22.51 
22.71 
23.00 
22.18 
21.55 
22.42 
22.52 
22.46 
22.38 
21.35 
22.54 
21.17 
22.10 
22.49 
22.67 
21.40 
21.45 
21.88 
22.22 
23.09 
22.55 
22.62 
22.04 
21.61 
21.93 
21.32 
20.86 
21.21 
22.17 
21.21 
20.95 
21.53 
22.37 
21.23 
21.43 
19.61 
20.58 
21.72 
22.01 
21.90 
21.94 
20.54 
19.82 
20.62 
20.71 
18.60 
19.43 
22.32 
22.73 
23.30 
21.07 
21.99 
20.99 
21.45 
20.89 
20.00 
21.98 
22.46 
22.69 
21.73 
20.80 
20.37 
19.20 
16.86 
18.10 
19.61 
19.45 
18.69 
