18.18 
18.33 
19.58 
19.76 
17.39 
19.50 
19.11 
21.18 
22.28 
22.88 
23.05 
23.04 
22.99 
20.72 
22.54 
22.10 
21.67 
21.59 
22.38 
21.29 
22.38 
23.09 
22.72 
23.30 
22.84 
23.17 
22.19 
18.85 
16.47 
17.25 
17.42 
20.78 
22.66 
23.46 
23.80 
23.28 
22.83 
23.82 
23.73 
24.08 
23.66 
23.59 
23.37 
23.99 
23.13 
22.56 
23.29 
23.14 
22.90 
23.59 
24.06 
23.92 
24.16 
23.53 
23.48 
23.53 
23.00 
23.62 
22.91 
23.48 
24.05 
23.59 
24.31 
23.88 
23.28 
23.94 
24.64 
24.24 
24.15 
24.61 
23.72 
23.80 
23.10 
23.53 
24.08 
24.22 
24.39 
24.18 
24.38 
23.40 
24.02 
23.62 
22.71 
23.95 
24.49 
24.02 
23.66 
25.06 
23.67 
22.52 
24.10 
24.60 
23.60 
23.56 
23.78 
23.87 
23.33 
23.21 
23.98 
23.91 
24.20 
23.88 
23.58 
23.94 
23.70 
23.30 
22.76 
22.34 
23.11 
22.60 
23.36 
23.24 
23.61 
23.31 
24.00 
24.57 
24.38 
24.04 
24.13 
23.29 
23.19 
22.74 
23.94 
23.91 
24.10 
23.28 
23.36 
22.56 
23.75 
23.25 
24.31 
23.31 
23.05 
23.79 
23.21 
23.94 
22.77 
22.99 
23.35 
23.68 
22.77 
24.45 
23.44 
23.17 
23.28 
23.51 
23.60 
23.25 
22.61 
22.45 
22.85 
22.38 
22.07 
22.54 
22.02 
22.80 
22.96 
21.84 
22.05 
22.08 
22.78 
22.21 
22.08 
21.53 
22.17 
21.62 
22.28 
22.82 
22.86 
22.53 
22.85 
22.62 
21.80 
21.12 
21.55 
21.73 
21.29 
20.62 
21.92 
20.92 
21.11 
21.32 
21.42 
21.48 
22.31 
21.21 
21.22 
21.82 
22.19 
21.19 
20.94 
21.58 
21.30 
21.82 
21.75 
21.83 
21.77 
22.28 
21.84 
21.30 
22.02 
21.20 
21.53 
21.14 
21.54 
21.84 
21.80 
21.83 
21.73 
22.16 
22.12 
21.33 
22.19 
21.99 
22.38 
21.74 
21.68 
21.74 
21.51 
21.82 
21.98 
21.87 
21.98 
21.51 
21.26 
21.56 
21.44 
21.77 
21.76 
22.10 
21.79 
21.41 
21.21 
21.05 
22.14 
21.66 
21.38 
21.48 
22.09 
21.72 
22.14 
21.88 
21.86 
21.68 
21.72 
21.25 
21.86 
21.32 
21.36 
21.41 
21.78 
21.87 
22.15 
22.04 
21.64 
21.66 
21.95 
22.09 
21.99 
21.52 
21.84 
21.77 
21.48 
21.01 
22.59 
22.55 
21.61 
22.03 
22.04 
22.64 
22.44 
21.73 
22.35 
22.23 
21.99 
22.64 
22.12 
22.14 
22.06 
22.10 
22.16 
22.80 
22.84 
22.63 
22.69 
22.56 
22.39 
22.05 
22.20 
22.35 
21.82 
22.14 
22.28 
22.51 
22.50 
22.95 
22.50 
22.23 
23.32 
22.10 
22.05 
21.78 
22.32 
22.68 
22.31 
21.66 
21.12 
21.52 
22.14 
22.28 
21.28 
21.67 
21.28 
22.17 
20.37 
20.37 
21.80 
21.53 
21.60 
21.49 
22.05 
22.11 
21.89 
23.04 
22.42 
21.42 
21.38 
22.61 
21.93 
22.67 
22.41 
21.58 
22.35 
22.30 
21.95 
22.29 
22.84 
21.61 
22.18 
21.40 
22.19 
20.15 
19.63 
19.12 
22.09 
21.06 
22.45 
21.17 
22.12 
22.01 
22.34 
22.29 
21.15 
19.52 
20.30 
20.77 
20.83 
22.97 
21.72 
20.75 
20.35 
17.81 
17.26 
17.74 
19.75 
