22.49 
23.00 
22.66 
21.40 
21.93 
21.69 
22.51 
23.05 
24.18 
22.74 
21.20 
23.08 
22.71 
22.14 
22.14 
21.11 
22.30 
22.25 
21.96 
18.61 
19.32 
20.65 
21.16 
19.77 
17.56 
18.63 
20.15 
22.41 
23.14 
23.36 
23.63 
23.35 
23.64 
22.98 
22.59 
22.88 
22.61 
23.01 
23.26 
23.18 
21.57 
23.91 
23.00 
23.16 
23.21 
23.27 
22.52 
21.13 
21.82 
21.81 
22.12 
22.89 
24.20 
23.67 
23.55 
23.08 
23.41 
23.37 
22.59 
22.78 
23.48 
22.97 
23.61 
23.75 
23.48 
23.45 
23.99 
23.00 
24.10 
23.25 
23.09 
23.25 
22.67 
22.76 
24.08 
22.86 
22.36 
21.79 
21.92 
23.12 
23.55 
23.76 
23.39 
23.48 
23.46 
24.15 
24.10 
23.30 
22.95 
23.85 
22.75 
23.24 
22.84 
22.88 
22.54 
23.63 
23.98 
22.79 
22.67 
23.61 
23.49 
23.21 
22.88 
22.74 
22.76 
22.96 
23.09 
23.04 
23.11 
24.29 
24.28 
24.01 
23.73 
24.24 
23.61 
24.22 
23.43 
23.41 
24.19 
23.88 
23.73 
24.12 
24.12 
23.07 
23.50 
23.38 
22.63 
22.23 
23.17 
22.72 
22.43 
23.24 
22.95 
22.47 
23.26 
23.72 
22.80 
22.74 
24.00 
23.91 
23.48 
23.13 
24.23 
23.75 
23.46 
23.21 
23.39 
24.73 
23.14 
22.60 
23.04 
23.44 
22.97 
24.52 
23.40 
23.13 
22.13 
21.75 
22.33 
23.24 
23.15 
23.00 
22.06 
21.42 
21.95 
22.78 
22.69 
22.11 
21.97 
22.05 
22.78 
22.05 
21.20 
21.12 
23.23 
22.39 
23.02 
22.54 
22.64 
22.24 
21.51 
22.06 
22.19 
22.13 
22.17 
22.33 
22.10 
22.03 
21.95 
21.31 
21.70 
21.26 
20.96 
22.01 
21.70 
21.30 
20.67 
21.75 
22.10 
21.99 
21.33 
21.82 
22.28 
22.12 
21.91 
22.11 
21.55 
21.29 
21.75 
21.78 
21.76 
22.13 
21.66 
21.59 
22.19 
21.70 
21.96 
21.82 
21.69 
22.29 
22.09 
22.21 
22.16 
21.94 
21.66 
21.57 
21.40 
21.70 
21.79 
21.66 
21.23 
21.24 
21.80 
21.61 
21.96 
22.07 
22.15 
21.13 
22.07 
22.36 
22.18 
21.67 
21.80 
22.17 
22.19 
21.81 
22.37 
21.30 
21.97 
21.64 
21.80 
21.92 
22.05 
21.89 
22.42 
21.62 
22.25 
21.89 
21.86 
21.76 
22.50 
22.29 
22.39 
22.32 
22.48 
21.97 
22.07 
22.50 
22.01 
22.62 
22.32 
22.33 
22.51 
22.50 
22.46 
22.30 
22.52 
22.49 
21.87 
22.26 
22.32 
22.26 
22.28 
22.65 
22.60 
22.46 
21.99 
21.90 
22.26 
21.93 
22.01 
22.33 
22.79 
22.39 
21.37 
21.76 
22.21 
21.64 
22.11 
22.43 
22.01 
22.24 
22.37 
21.49 
21.58 
20.96 
22.25 
22.75 
22.62 
21.99 
22.31 
22.79 
22.72 
21.94 
22.09 
21.96 
22.29 
22.09 
20.77 
20.88 
20.68 
21.39 
21.74 
21.43 
21.80 
20.78 
21.78 
21.25 
21.47 
21.14 
21.17 
22.81 
21.29 
21.71 
21.21 
20.73 
20.66 
21.73 
21.99 
22.45 
21.71 
21.63 
20.92 
22.10 
22.93 
22.82 
22.51 
21.45 
22.05 
22.10 
22.01 
22.89 
22.78 
22.80 
23.85 
23.39 
21.04 
23.03 
22.57 
22.23 
21.20 
20.87 
21.61 
21.00 
21.99 
