23.28 
22.13 
22.32 
22.09 
23.25 
23.55 
22.14 
21.40 
21.22 
21.50 
20.86 
18.42 
16.71 
18.47 
18.77 
18.39 
18.68 
19.59 
21.03 
22.30 
22.43 
23.35 
22.59 
22.77 
21.80 
22.02 
21.61 
21.26 
21.41 
19.85 
20.73 
19.36 
19.23 
19.79 
21.04 
21.88 
22.39 
23.47 
23.55 
23.14 
22.86 
21.94 
21.45 
20.96 
22.02 
22.71 
23.39 
23.71 
23.44 
23.60 
23.93 
24.08 
24.00 
23.75 
23.07 
23.84 
23.69 
23.85 
23.98 
24.04 
23.48 
22.77 
23.17 
23.72 
23.72 
24.05 
24.14 
23.40 
22.93 
23.25 
23.78 
23.58 
23.23 
23.40 
23.85 
23.55 
24.49 
22.88 
22.35 
22.90 
23.31 
24.36 
22.61 
23.36 
22.41 
24.15 
23.29 
23.68 
22.69 
23.93 
24.24 
24.61 
24.60 
23.64 
23.56 
23.34 
23.92 
23.30 
22.27 
22.73 
24.13 
23.32 
24.14 
23.22 
23.51 
23.16 
23.36 
23.02 
22.84 
23.48 
21.73 
22.06 
23.63 
23.15 
23.66 
23.29 
24.51 
24.51 
23.13 
23.70 
23.45 
23.78 
23.50 
23.14 
23.16 
22.99 
22.35 
22.60 
22.31 
22.87 
23.89 
23.61 
24.13 
24.24 
23.28 
23.82 
23.87 
23.14 
23.02 
23.77 
23.50 
23.41 
23.47 
23.99 
22.79 
23.59 
23.91 
23.56 
23.19 
22.72 
23.09 
23.81 
23.93 
23.38 
21.89 
22.45 
22.40 
22.37 
22.68 
22.29 
22.56 
21.56 
22.36 
22.93 
22.51 
21.95 
21.99 
21.87 
21.49 
21.62 
22.07 
21.59 
22.38 
22.00 
22.06 
21.00 
21.51 
22.00 
22.33 
22.15 
22.10 
21.97 
22.06 
22.24 
22.17 
21.87 
22.09 
21.72 
22.48 
22.04 
22.11 
21.90 
21.82 
21.68 
22.30 
22.24 
21.87 
21.84 
21.63 
21.68 
21.45 
21.39 
21.65 
21.87 
21.61 
21.73 
22.45 
21.69 
21.72 
21.56 
21.87 
21.67 
21.67 
21.28 
21.72 
21.31 
21.79 
21.57 
21.39 
21.56 
21.17 
22.39 
21.55 
21.56 
21.35 
21.38 
21.20 
21.30 
21.45 
21.27 
21.61 
21.84 
21.81 
20.99 
21.54 
21.86 
22.14 
21.63 
21.03 
20.34 
20.79 
21.63 
21.66 
21.82 
21.71 
22.24 
22.29 
21.57 
21.60 
21.73 
21.70 
21.92 
21.66 
21.88 
21.56 
21.26 
21.54 
20.94 
21.94 
21.75 
22.09 
21.45 
21.35 
22.04 
22.45 
21.98 
21.79 
21.93 
22.21 
22.64 
22.47 
22.62 
21.98 
21.61 
22.01 
21.56 
21.58 
21.81 
21.11 
21.52 
22.10 
21.88 
22.07 
21.56 
22.47 
22.25 
22.28 
21.99 
21.63 
21.78 
21.16 
22.07 
22.19 
21.25 
22.13 
21.90 
21.03 
20.85 
21.89 
21.72 
21.34 
21.23 
21.46 
21.80 
22.31 
21.60 
21.98 
22.53 
22.40 
21.60 
20.55 
20.92 
21.59 
21.17 
20.21 
21.62 
21.30 
22.49 
21.26 
21.92 
21.57 
21.55 
22.92 
21.67 
21.55 
21.76 
21.72 
21.41 
22.59 
22.28 
21.96 
21.89 
21.97 
22.52 
22.42 
22.12 
22.35 
22.57 
22.33 
22.39 
22.03 
22.33 
22.13 
22.66 
21.34 
21.65 
19.26 
21.12 
21.42 
21.74 
21.45 
21.03 
21.31 
20.24 
20.71 
19.10 
17.56 
16.82 
19.71 
16.65 
15.78 
18.08 
18.73 
18.81 
18.27 
