17.55 
17.25 
18.51 
19.82 
18.28 
18.77 
17.77 
17.73 
19.39 
19.57 
20.51 
19.84 
17.70 
16.53 
15.66 
18.40 
17.38 
17.84 
17.86 
17.32 
18.29 
17.87 
18.11 
20.56 
20.87 
22.30 
23.36 
23.84 
24.07 
23.42 
23.54 
22.95 
22.22 
23.16 
23.21 
23.24 
23.39 
23.35 
23.45 
22.50 
22.33 
22.68 
22.76 
23.08 
22.53 
20.38 
21.36 
22.61 
23.16 
23.36 
23.65 
23.32 
23.84 
23.53 
23.10 
20.69 
22.93 
23.43 
23.80 
23.81 
23.80 
23.31 
23.55 
23.13 
24.19 
23.94 
23.76 
24.29 
24.29 
24.06 
23.39 
23.70 
24.27 
23.41 
24.01 
23.95 
23.85 
24.19 
23.53 
24.28 
24.00 
23.79 
23.51 
23.99 
24.44 
24.36 
24.36 
24.66 
23.88 
23.55 
24.76 
24.20 
24.54 
25.45 
24.68 
24.27 
23.92 
23.77 
22.93 
23.99 
24.57 
24.07 
24.06 
24.26 
24.66 
23.44 
23.21 
24.24 
23.99 
23.97 
23.60 
23.39 
23.26 
24.25 
23.12 
24.43 
23.37 
23.23 
24.24 
23.18 
23.83 
23.40 
23.81 
24.05 
24.03 
23.68 
23.04 
22.90 
24.13 
23.44 
23.90 
24.25 
24.66 
24.21 
24.08 
23.41 
23.55 
23.83 
23.86 
22.67 
23.63 
24.27 
24.02 
23.76 
23.69 
23.39 
24.35 
23.19 
23.77 
23.22 
23.64 
23.27 
23.28 
23.90 
23.44 
22.03 
22.56 
22.36 
21.50 
22.41 
22.97 
22.72 
22.04 
22.48 
21.67 
22.46 
22.90 
22.67 
23.20 
22.51 
22.47 
22.69 
22.10 
22.41 
22.10 
21.91 
22.37 
22.01 
22.11 
22.29 
22.48 
21.86 
21.62 
21.70 
21.76 
21.51 
21.71 
21.79 
21.39 
21.01 
21.85 
21.49 
21.58 
22.39 
22.10 
22.55 
22.38 
22.29 
21.68 
21.79 
22.39 
21.52 
21.25 
21.79 
22.10 
22.43 
21.78 
21.43 
21.04 
21.09 
21.28 
21.87 
21.76 
20.55 
21.19 
21.49 
22.19 
21.89 
21.41 
21.47 
21.93 
21.51 
21.79 
21.64 
22.00 
21.59 
21.48 
22.10 
21.91 
21.37 
22.12 
21.91 
22.06 
21.47 
21.99 
21.68 
21.30 
21.20 
22.11 
22.02 
22.12 
21.14 
22.03 
21.33 
21.39 
21.45 
21.83 
21.59 
21.14 
21.13 
21.34 
21.90 
21.69 
21.52 
21.21 
21.57 
21.90 
22.22 
21.34 
22.09 
22.00 
22.13 
21.90 
22.18 
21.41 
21.80 
21.47 
22.47 
22.03 
22.09 
22.05 
22.00 
21.19 
22.22 
22.44 
21.98 
21.51 
21.74 
22.05 
21.61 
21.80 
22.21 
21.72 
21.71 
21.83 
21.61 
22.55 
21.30 
22.64 
22.41 
22.55 
22.16 
22.02 
20.91 
21.06 
21.70 
21.89 
22.79 
22.20 
22.60 
21.16 
21.24 
21.75 
20.87 
20.47 
22.14 
22.29 
22.11 
21.55 
21.74 
22.15 
21.31 
20.72 
20.86 
20.89 
21.73 
21.12 
22.81 
22.85 
22.14 
21.48 
21.78 
21.72 
22.02 
21.65 
22.35 
21.91 
21.70 
22.42 
22.39 
22.68 
22.08 
22.22 
22.45 
21.97 
22.11 
21.78 
20.85 
21.06 
21.85 
20.30 
21.49 
20.57 
21.63 
22.28 
20.93 
20.67 
21.32 
20.85 
22.70 
22.33 
22.65 
22.94 
21.89 
20.15 
18.76 
20.31 
19.85 
20.28 
20.51 
20.61 
21.00 
21.96 
21.67 
22.80 
