22.87 
22.26 
22.04 
20.95 
20.80 
18.09 
21.81 
22.24 
22.23 
21.01 
20.94 
22.71 
22.59 
22.57 
21.96 
23.25 
23.04 
22.62 
22.08 
22.70 
22.10 
20.33 
18.09 
18.64 
19.63 
21.56 
21.00 
17.94 
18.62 
20.57 
22.29 
23.21 
23.56 
23.23 
23.92 
22.82 
21.56 
22.10 
21.78 
22.60 
21.85 
19.94 
20.83 
18.80 
18.20 
16.47 
17.58 
19.16 
21.05 
21.83 
23.47 
24.36 
23.54 
24.11 
24.37 
24.22 
23.77 
24.03 
24.55 
24.63 
24.32 
23.65 
24.96 
24.84 
23.78 
23.56 
24.11 
23.94 
24.18 
23.90 
23.63 
23.76 
22.92 
23.06 
23.03 
22.69 
23.62 
22.54 
22.72 
23.06 
24.14 
23.37 
23.04 
22.81 
23.03 
22.84 
23.46 
23.62 
22.14 
23.56 
23.37 
23.16 
22.19 
23.08 
22.97 
22.89 
21.66 
22.41 
22.82 
23.59 
24.12 
24.51 
23.41 
23.30 
23.09 
23.50 
23.50 
23.99 
23.86 
21.85 
23.28 
23.13 
22.57 
22.71 
22.40 
23.04 
22.93 
23.75 
23.67 
23.58 
22.67 
23.35 
23.40 
23.76 
23.54 
23.32 
22.70 
22.95 
23.80 
24.53 
23.66 
23.90 
22.90 
23.76 
23.84 
23.19 
23.55 
23.47 
23.69 
22.87 
22.45 
22.35 
22.36 
22.80 
22.97 
22.45 
22.51 
21.67 
22.79 
22.83 
22.86 
22.11 
22.56 
22.42 
22.36 
22.89 
22.52 
21.87 
21.84 
22.16 
21.68 
21.76 
21.86 
21.16 
21.86 
21.77 
22.22 
22.50 
22.55 
21.59 
21.97 
22.03 
22.15 
21.91 
21.73 
21.17 
21.28 
21.77 
21.59 
21.56 
21.59 
21.60 
21.48 
21.98 
21.70 
21.58 
21.71 
21.41 
21.63 
22.04 
21.55 
21.55 
21.63 
21.42 
21.88 
21.89 
21.07 
20.67 
20.60 
20.49 
20.62 
20.87 
20.85 
21.09 
21.02 
20.74 
20.29 
20.11 
20.74 
21.57 
21.41 
20.71 
20.36 
21.13 
20.53 
20.29 
20.55 
21.39 
21.56 
21.29 
20.95 
20.25 
21.80 
21.33 
21.09 
21.22 
21.04 
21.43 
21.58 
21.83 
21.49 
21.69 
21.68 
21.73 
21.82 
21.74 
21.68 
21.90 
21.47 
21.62 
21.49 
21.63 
21.55 
21.52 
21.53 
21.23 
21.20 
20.64 
21.86 
21.03 
20.06 
21.95 
22.24 
21.89 
21.78 
21.48 
21.51 
21.70 
20.95 
20.34 
22.17 
21.13 
20.43 
20.64 
21.37 
21.37 
21.48 
21.54 
21.17 
21.58 
21.77 
21.83 
21.89 
22.20 
21.99 
21.83 
21.83 
21.95 
22.02 
22.08 
21.70 
22.10 
21.07 
22.03 
21.84 
22.17 
22.27 
21.89 
21.68 
21.12 
20.85 
21.08 
22.20 
21.99 
22.66 
22.94 
22.38 
22.56 
22.10 
21.90 
21.80 
22.81 
22.81 
22.16 
21.78 
20.92 
21.31 
22.20 
23.00 
22.84 
22.26 
21.90 
22.86 
22.14 
22.84 
22.21 
21.36 
21.11 
22.29 
22.07 
21.49 
22.58 
21.95 
22.82 
22.68 
22.17 
21.26 
20.66 
20.29 
22.44 
22.22 
22.27 
22.21 
22.77 
21.99 
22.32 
21.67 
21.43 
20.99 
22.13 
22.33 
21.23 
20.20 
21.62 
20.52 
21.54 
21.28 
22.27 
22.90 
21.43 
22.35 
23.17 
22.52 
21.45 
22.70 
22.02 
23.03 
22.97 
22.17 
22.70 
23.10 
21.74 
22.62 
22.38 
23.37 
