22.32 
18.71 
17.62 
19.46 
18.92 
20.98 
18.13 
17.24 
16.02 
16.97 
17.79 
16.82 
16.04 
16.87 
18.12 
19.36 
20.58 
19.87 
18.94 
17.34 
17.30 
18.23 
19.19 
21.24 
21.44 
21.93 
22.08 
22.47 
21.93 
21.65 
22.17 
21.61 
20.78 
22.50 
23.30 
23.09 
23.42 
23.44 
23.28 
22.45 
21.74 
23.11 
24.28 
24.32 
23.35 
22.79 
23.07 
24.04 
24.23 
23.44 
23.22 
23.82 
23.27 
24.18 
24.49 
24.93 
23.44 
23.92 
24.19 
23.50 
23.85 
23.33 
23.05 
24.76 
24.05 
23.87 
23.61 
24.62 
24.51 
23.72 
23.57 
24.28 
22.99 
23.20 
23.62 
24.19 
24.13 
23.47 
23.36 
23.60 
22.99 
23.32 
22.12 
23.20 
23.51 
23.29 
22.98 
23.72 
23.39 
23.06 
24.25 
22.83 
23.46 
23.56 
24.02 
23.56 
24.75 
23.42 
24.07 
23.28 
22.88 
23.11 
23.61 
23.75 
24.03 
22.95 
23.55 
24.03 
24.18 
23.37 
23.75 
23.51 
24.11 
23.27 
23.72 
23.53 
24.13 
24.06 
23.96 
23.61 
22.80 
23.44 
23.48 
23.30 
22.79 
22.39 
22.63 
22.56 
22.04 
21.97 
21.53 
23.19 
23.37 
23.22 
23.77 
24.01 
23.08 
23.18 
23.09 
23.96 
22.86 
23.88 
22.20 
22.42 
23.89 
23.89 
22.80 
22.74 
23.07 
23.00 
22.50 
21.76 
22.42 
22.44 
22.43 
22.28 
21.06 
21.99 
23.14 
22.55 
22.46 
21.88 
22.34 
22.48 
22.17 
22.75 
22.51 
22.88 
22.89 
22.97 
22.33 
21.74 
21.92 
22.62 
22.59 
22.08 
21.67 
22.16 
22.13 
22.01 
22.50 
21.71 
22.01 
21.83 
21.83 
21.72 
21.85 
20.97 
21.59 
21.76 
21.64 
21.10 
21.40 
21.83 
22.01 
21.21 
21.43 
22.93 
21.82 
21.55 
21.97 
21.30 
21.60 
22.18 
22.40 
22.39 
21.72 
22.14 
21.85 
22.60 
21.65 
21.06 
21.51 
21.48 
21.91 
21.86 
21.49 
21.97 
22.06 
21.67 
21.78 
21.21 
22.07 
22.11 
21.48 
21.21 
21.38 
21.56 
21.46 
21.25 
21.19 
21.51 
21.31 
21.14 
21.18 
21.75 
21.59 
21.92 
21.74 
21.51 
21.95 
21.65 
21.52 
21.60 
21.77 
21.48 
21.53 
21.09 
22.14 
21.85 
21.35 
21.71 
21.75 
21.81 
22.08 
22.17 
21.83 
21.31 
22.24 
22.07 
22.07 
22.29 
22.46 
22.23 
22.44 
21.77 
22.40 
21.76 
22.08 
21.98 
22.23 
21.94 
21.99 
21.99 
22.02 
21.66 
21.06 
20.80 
21.06 
22.14 
21.85 
21.89 
22.05 
21.67 
21.50 
22.47 
22.63 
22.79 
21.70 
22.08 
22.58 
21.77 
22.17 
22.14 
21.94 
22.18 
22.35 
22.69 
21.52 
20.97 
21.41 
21.07 
21.71 
21.55 
22.03 
21.22 
21.86 
22.10 
22.57 
21.24 
20.43 
21.30 
22.77 
23.16 
22.71 
22.93 
21.96 
22.58 
22.68 
22.89 
22.90 
22.20 
23.04 
22.25 
22.05 
22.15 
22.52 
22.40 
22.70 
22.18 
22.91 
23.17 
22.80 
22.78 
22.45 
22.18 
22.23 
22.32 
22.13 
21.96 
21.39 
20.95 
22.48 
22.53 
22.36 
21.49 
21.74 
21.47 
20.74 
20.61 
22.06 
22.98 
23.23 
22.18 
19.65 
19.21 
21.80 
19.83 
20.44 
21.84 
22.48 
22.94 
20.96 
21.88 
23.26 
