25.10 
24.98 
24.58 
24.19 
24.40 
24.30 
25.03 
26.50 
25.91 
24.09 
24.85 
25.59 
25.22 
24.13 
24.81 
24.78 
25.06 
25.84 
26.26 
26.58 
25.94 
25.22 
25.26 
23.41 
23.68 
23.38 
24.48 
25.15 
25.23 
25.71 
25.73 
25.81 
26.41 
26.95 
26.56 
26.85 
25.73 
25.71 
26.70 
26.65 
26.17 
26.01 
26.15 
26.69 
26.17 
26.68 
26.41 
26.71 
24.72 
25.83 
25.47 
27.16 
26.61 
26.26 
26.43 
26.47 
26.28 
24.85 
26.90 
26.36 
26.03 
26.53 
26.67 
26.70 
26.42 
26.12 
25.85 
27.44 
26.39 
25.48 
26.34 
26.02 
26.08 
27.07 
27.09 
26.60 
27.15 
27.26 
23.88 
27.36 
26.27 
26.02 
26.62 
27.46 
28.03 
27.71 
28.28 
27.91 
28.21 
27.08 
26.86 
27.28 
26.75 
24.53 
26.53 
27.56 
28.10 
27.81 
28.29 
28.29 
27.78 
27.28 
27.88 
26.94 
26.38 
26.31 
26.19 
27.08 
26.33 
27.08 
27.08 
27.08 
26.96 
25.86 
25.35 
25.10 
24.19 
25.96 
25.02 
26.88 
26.06 
25.79 
27.66 
25.73 
25.79 
24.59 
25.55 
27.24 
26.12 
26.94 
26.59 
25.54 
25.35 
25.08 
24.45 
24.22 
23.98 
23.80 
24.32 
24.69 
24.26 
23.82 
25.99 
26.14 
24.48 
23.83 
23.57 
24.24 
24.71 
24.92 
23.93 
24.48 
23.32 
23.84 
23.85 
23.56 
23.07 
22.78 
23.50 
23.05 
23.41 
23.82 
24.55 
24.37 
25.36 
24.92 
23.79 
23.15 
24.82 
23.19 
23.28 
22.60 
23.51 
23.09 
22.29 
21.84 
22.71 
23.26 
24.88 
23.84 
23.64 
23.65 
23.85 
22.40 
23.07 
23.71 
24.12 
22.90 
24.25 
25.30 
23.23 
23.80 
24.89 
22.57 
23.72 
24.10 
22.93 
23.82 
24.26 
22.64 
23.57 
23.53 
23.93 
23.83 
22.97 
24.26 
24.59 
22.62 
21.98 
23.83 
26.08 
24.00 
23.56 
23.32 
24.09 
23.72 
22.37 
24.86 
25.26 
23.24 
22.93 
24.28 
25.85 
25.28 
22.83 
23.09 
24.55 
24.86 
24.07 
24.18 
24.65 
25.40 
24.55 
25.04 
24.03 
24.09 
25.72 
24.61 
25.38 
23.60 
24.38 
25.60 
24.96 
24.69 
24.56 
26.16 
24.73 
25.68 
23.43 
24.58 
23.34 
26.12 
26.54 
24.94 
25.11 
26.36 
25.83 
25.37 
25.75 
26.58 
26.15 
25.71 
25.51 
27.18 
27.15 
26.11 
26.50 
25.19 
27.12 
27.41 
25.06 
25.81 
26.88 
26.69 
26.57 
26.95 
25.34 
26.55 
25.35 
23.88 
25.82 
27.44 
27.24 
25.58 
25.44 
27.19 
27.11 
27.00 
26.83 
24.73 
25.78 
25.61 
25.23 
25.66 
25.70 
25.40 
25.27 
25.81 
26.11 
24.31 
26.24 
26.31 
25.81 
26.20 
26.54 
26.36 
26.77 
25.88 
26.59 
25.19 
25.29 
25.37 
24.86 
26.13 
25.22 
26.30 
27.05 
26.55 
26.24 
26.55 
25.28 
26.15 
25.17 
24.91 
24.73 
24.80 
22.73 
23.31 
24.73 
25.97 
25.42 
25.35 
25.11 
26.00 
24.62 
