17.76 
18.24 
19.03 
18.99 
20.92 
20.51 
21.80 
22.14 
19.22 
18.53 
18.52 
17.73 
17.70 
17.52 
19.90 
23.05 
20.45 
18.12 
19.15 
19.61 
21.18 
22.12 
22.07 
21.63 
21.74 
22.72 
22.20 
22.00 
22.40 
22.71 
22.95 
23.08 
23.19 
22.94 
21.90 
20.69 
20.03 
19.08 
21.18 
21.20 
23.12 
23.05 
23.23 
22.88 
21.53 
22.43 
21.74 
23.09 
23.81 
23.55 
23.55 
24.76 
23.61 
23.92 
21.54 
23.46 
22.19 
22.06 
22.24 
22.73 
23.38 
22.47 
22.08 
22.76 
23.83 
23.61 
23.87 
23.99 
23.98 
23.88 
23.41 
22.61 
24.02 
23.57 
22.75 
23.69 
23.72 
22.30 
23.03 
23.37 
22.98 
22.45 
22.46 
24.15 
23.81 
23.76 
23.37 
23.47 
23.81 
23.88 
23.75 
23.66 
23.19 
22.53 
22.32 
23.12 
23.47 
24.44 
23.61 
24.08 
23.08 
23.79 
23.02 
23.53 
23.54 
24.25 
24.25 
23.99 
23.94 
23.84 
24.38 
23.49 
24.47 
23.59 
22.90 
23.59 
22.64 
23.23 
23.60 
23.71 
24.04 
23.14 
22.88 
22.29 
23.80 
24.59 
24.20 
24.67 
23.74 
24.49 
23.21 
24.13 
23.87 
23.21 
24.17 
23.52 
24.10 
24.13 
23.84 
22.45 
23.49 
23.36 
22.72 
23.36 
23.37 
23.58 
22.58 
22.53 
21.57 
22.97 
22.85 
22.43 
22.24 
23.77 
22.70 
23.19 
23.22 
23.79 
23.27 
22.35 
22.44 
23.03 
21.84 
21.94 
21.64 
22.15 
22.18 
22.47 
22.93 
22.34 
21.94 
23.22 
22.48 
22.29 
22.03 
21.80 
22.19 
21.94 
21.82 
22.48 
22.53 
21.36 
20.87 
22.01 
22.27 
22.06 
21.87 
22.25 
22.38 
22.50 
22.25 
21.75 
21.08 
21.77 
21.98 
22.03 
21.86 
21.67 
22.10 
20.27 
21.84 
22.33 
22.26 
22.40 
22.24 
21.04 
20.62 
21.17 
21.63 
21.65 
21.42 
21.96 
21.59 
21.35 
22.43 
22.48 
21.91 
22.25 
21.49 
21.73 
21.81 
21.93 
22.01 
22.31 
22.01 
21.68 
21.80 
21.83 
21.47 
21.36 
21.85 
19.49 
19.80 
21.36 
21.72 
21.65 
22.33 
21.99 
21.39 
21.65 
21.38 
21.27 
21.96 
21.71 
21.64 
22.01 
21.33 
22.11 
22.20 
22.18 
21.83 
21.61 
21.65 
21.11 
21.61 
21.99 
22.26 
20.94 
21.44 
22.00 
21.65 
22.05 
22.03 
21.86 
21.91 
21.57 
21.46 
21.99 
22.06 
22.34 
21.80 
21.83 
22.20 
21.62 
21.87 
21.14 
22.07 
22.34 
22.33 
21.88 
22.11 
21.62 
21.65 
22.15 
21.60 
21.69 
21.84 
21.32 
21.46 
22.19 
22.22 
22.63 
21.57 
22.12 
21.87 
21.95 
20.43 
22.27 
22.10 
20.92 
21.35 
21.36 
21.38 
21.66 
22.99 
21.91 
22.78 
22.56 
22.49 
21.75 
21.80 
21.61 
22.75 
21.33 
22.99 
22.74 
22.88 
21.83 
21.73 
22.25 
21.78 
22.22 
21.96 
22.30 
22.15 
22.42 
23.03 
22.52 
22.39 
22.41 
21.85 
22.00 
22.92 
21.89 
20.93 
20.11 
20.88 
19.76 
21.36 
21.11 
21.07 
21.63 
21.12 
20.79 
20.83 
19.92 
18.36 
17.96 
19.16 
17.86 
17.33 
18.71 
21.66 
21.90 
21.60 
22.32 
22.04 
21.31 
19.27 
19.63 
22.21 
22.11 
22.79 
18.74 
17.00 
