18.82 
17.44 
18.66 
18.90 
18.23 
16.56 
16.41 
17.93 
20.39 
21.63 
21.56 
20.86 
20.88 
19.69 
20.39 
21.58 
19.85 
21.66 
22.96 
22.86 
24.25 
24.57 
23.89 
23.52 
23.90 
23.29 
23.60 
20.67 
19.69 
21.10 
21.82 
21.56 
17.57 
17.94 
19.65 
21.05 
22.97 
24.03 
23.41 
23.05 
22.18 
23.02 
22.61 
23.59 
23.50 
23.07 
24.48 
24.36 
23.65 
23.98 
23.84 
23.03 
22.98 
21.65 
24.59 
25.05 
23.89 
23.97 
24.16 
24.38 
24.05 
24.32 
24.46 
23.46 
25.06 
24.59 
24.63 
24.35 
24.12 
22.96 
23.72 
23.89 
23.55 
22.75 
23.86 
23.50 
23.61 
24.15 
23.68 
24.87 
24.54 
22.75 
22.92 
23.33 
23.99 
22.98 
23.35 
22.67 
22.88 
22.89 
23.26 
22.89 
23.00 
24.02 
23.13 
23.24 
23.23 
23.37 
23.03 
23.19 
23.46 
24.07 
24.22 
22.90 
23.17 
23.32 
23.43 
23.46 
23.02 
23.02 
23.52 
23.45 
22.72 
22.95 
23.42 
23.46 
23.26 
22.52 
22.69 
23.30 
24.04 
22.93 
23.34 
23.78 
23.79 
23.94 
23.10 
23.94 
23.25 
23.09 
22.85 
23.23 
22.00 
23.25 
23.13 
22.62 
22.76 
22.99 
23.01 
24.04 
23.62 
23.31 
22.85 
22.07 
24.18 
24.26 
22.86 
22.26 
23.23 
22.62 
22.51 
23.05 
23.01 
23.22 
22.91 
22.23 
22.89 
22.35 
21.96 
23.17 
23.10 
22.86 
22.53 
23.39 
23.15 
23.36 
23.15 
23.02 
22.73 
22.61 
22.30 
22.76 
23.07 
22.51 
21.60 
22.56 
20.83 
22.00 
22.52 
22.31 
21.49 
20.85 
20.96 
21.97 
21.79 
22.10 
21.51 
21.24 
21.08 
21.30 
21.64 
21.25 
21.47 
21.21 
21.69 
21.84 
21.67 
22.04 
21.67 
21.99 
21.53 
21.74 
21.69 
22.08 
21.91 
21.58 
21.25 
21.56 
21.49 
21.61 
21.43 
21.52 
21.69 
21.32 
21.04 
21.50 
21.63 
22.03 
22.02 
21.15 
20.84 
20.93 
20.45 
19.84 
21.37 
20.47 
21.27 
21.06 
21.38 
21.83 
20.58 
21.45 
21.27 
21.99 
21.48 
22.02 
21.73 
22.00 
22.16 
21.70 
21.71 
21.54 
21.46 
21.44 
21.30 
21.39 
21.15 
21.76 
21.47 
21.03 
21.08 
21.69 
21.29 
21.56 
21.19 
20.34 
21.08 
21.62 
21.91 
21.80 
20.77 
22.43 
22.95 
22.76 
22.38 
22.46 
21.98 
21.66 
21.80 
21.71 
22.05 
22.01 
21.15 
22.34 
22.70 
21.57 
22.09 
21.59 
21.72 
21.77 
21.60 
21.61 
21.13 
20.72 
21.40 
20.94 
22.35 
21.29 
21.33 
22.50 
21.90 
21.93 
21.91 
21.61 
21.97 
21.20 
22.56 
21.87 
22.07 
21.67 
21.06 
22.67 
21.28 
22.38 
20.97 
21.89 
20.50 
21.94 
21.27 
21.24 
22.45 
21.61 
21.95 
22.20 
22.43 
22.64 
22.53 
21.98 
23.02 
21.94 
21.69 
21.04 
21.22 
22.41 
22.60 
21.48 
22.20 
21.50 
20.96 
21.02 
21.74 
21.52 
21.99 
23.06 
22.63 
22.45 
21.99 
22.18 
21.49 
22.67 
21.15 
18.04 
20.32 
19.41 
18.74 
20.74 
21.34 
22.62 
19.99 
21.39 
20.48 
18.36 
17.45 
17.84 
19.08 
20.50 
20.15 
18.92 
19.36 
18.46 
21.63 
21.34 
22.49 
22.58 
22.81 
