20.72 
21.95 
21.67 
20.50 
20.17 
21.82 
23.14 
22.61 
22.48 
23.13 
23.36 
22.12 
20.27 
21.45 
21.99 
23.62 
22.84 
22.31 
21.84 
19.48 
20.06 
22.18 
22.47 
23.32 
23.18 
23.63 
23.95 
23.54 
22.86 
21.32 
20.79 
21.33 
22.09 
19.88 
22.83 
23.34 
22.74 
20.42 
20.06 
21.56 
23.80 
23.99 
24.56 
23.29 
23.74 
24.35 
23.86 
23.00 
22.96 
23.46 
24.18 
23.86 
24.35 
23.84 
23.97 
24.85 
24.54 
24.02 
23.30 
23.15 
24.01 
24.08 
24.36 
23.57 
24.40 
23.08 
23.18 
24.39 
22.91 
24.13 
22.98 
23.04 
24.25 
23.95 
24.13 
24.12 
23.26 
24.34 
23.45 
23.27 
23.41 
24.46 
24.58 
24.40 
24.37 
24.62 
24.34 
24.30 
24.16 
24.15 
24.26 
23.89 
24.91 
23.98 
24.59 
23.40 
24.61 
24.07 
24.93 
24.16 
24.08 
24.37 
24.58 
24.96 
23.95 
24.74 
24.09 
23.79 
24.93 
23.93 
25.12 
25.26 
23.89 
23.76 
24.34 
23.52 
24.16 
23.80 
23.53 
23.76 
23.32 
23.79 
24.07 
23.85 
23.88 
23.98 
24.08 
24.14 
23.88 
22.92 
24.76 
23.60 
24.63 
23.81 
23.18 
23.59 
22.39 
23.55 
23.41 
23.11 
23.37 
23.16 
24.19 
23.35 
23.77 
24.40 
23.83 
23.98 
23.46 
23.25 
23.54 
22.84 
23.72 
22.94 
22.85 
22.58 
21.31 
22.91 
22.16 
22.74 
22.22 
21.98 
22.74 
22.51 
23.06 
22.66 
22.32 
21.71 
22.46 
22.95 
23.32 
22.93 
23.11 
22.76 
22.92 
23.05 
22.60 
22.65 
23.00 
22.29 
22.81 
23.21 
22.20 
22.55 
22.08 
22.01 
22.39 
22.44 
22.06 
22.48 
21.87 
21.62 
20.65 
21.97 
22.41 
22.19 
22.11 
21.32 
21.45 
21.62 
22.48 
22.20 
20.51 
21.33 
20.65 
19.87 
23.77 
21.86 
21.19 
21.83 
20.05 
21.39 
21.59 
20.02 
22.57 
21.67 
21.85 
20.67 
21.62 
22.94 
22.30 
21.62 
22.87 
22.05 
21.57 
21.95 
22.10 
21.92 
22.44 
21.82 
21.34 
22.12 
21.88 
21.92 
22.06 
22.14 
21.53 
21.56 
21.85 
21.91 
22.10 
22.07 
21.97 
21.84 
21.45 
22.40 
22.60 
21.98 
21.77 
21.99 
22.11 
21.96 
21.33 
22.27 
21.80 
21.62 
22.12 
21.92 
21.26 
22.45 
22.41 
21.46 
22.16 
21.68 
22.15 
21.72 
21.77 
21.55 
21.74 
22.00 
22.26 
22.21 
22.57 
21.52 
21.93 
22.22 
22.43 
22.13 
21.46 
22.26 
22.24 
21.69 
22.10 
22.51 
22.15 
22.26 
22.37 
22.02 
22.11 
22.14 
21.92 
21.63 
22.48 
22.32 
22.37 
21.29 
22.13 
21.45 
22.20 
21.15 
22.14 
21.72 
22.13 
22.15 
21.68 
22.68 
22.03 
22.67 
22.39 
23.00 
21.63 
22.04 
21.49 
22.18 
21.72 
21.88 
22.99 
22.66 
20.83 
21.83 
22.10 
22.15 
21.01 
21.78 
22.43 
22.28 
21.05 
21.62 
21.60 
22.40 
22.82 
22.05 
21.50 
22.17 
22.49 
21.54 
22.70 
21.14 
22.13 
22.77 
21.87 
21.85 
21.42 
20.85 
20.78 
19.64 
19.71 
21.73 
21.32 
21.71 
22.38 
21.98 
22.46 
21.79 
21.58 
21.72 
22.43 
21.47 
21.53 
21.74 
21.90 
20.47 
22.63 
21.48 
21.39 
