22.92 
24.33 
24.98 
26.16 
23.99 
23.17 
24.68 
24.59 
24.50 
24.59 
24.12 
25.27 
24.64 
25.07 
24.88 
24.99 
24.72 
25.81 
25.43 
25.60 
25.91 
25.32 
24.84 
25.75 
25.26 
25.62 
25.51 
26.22 
24.70 
26.00 
25.57 
24.51 
24.05 
24.35 
23.96 
25.18 
25.40 
24.70 
25.26 
26.02 
25.32 
25.54 
24.75 
25.14 
25.84 
25.27 
25.64 
26.21 
25.39 
26.39 
25.78 
25.91 
25.44 
25.45 
25.53 
26.39 
26.37 
26.37 
25.56 
25.14 
25.31 
25.77 
24.91 
25.81 
25.89 
26.84 
26.37 
26.86 
26.68 
26.40 
26.76 
26.81 
27.67 
26.75 
27.24 
27.68 
26.35 
25.74 
26.34 
27.42 
25.98 
26.61 
25.90 
24.33 
25.49 
27.45 
26.78 
27.13 
27.31 
27.59 
27.39 
27.42 
28.15 
27.32 
26.63 
27.78 
26.96 
27.87 
24.53 
26.11 
26.59 
25.86 
27.34 
25.65 
26.12 
27.25 
27.93 
28.49 
28.19 
26.66 
28.22 
26.77 
27.52 
26.74 
27.63 
27.59 
26.94 
26.26 
27.98 
28.16 
24.78 
26.41 
26.63 
26.51 
26.76 
25.02 
26.28 
24.56 
24.78 
24.35 
27.17 
26.16 
25.21 
25.24 
24.52 
25.93 
24.67 
27.32 
26.93 
25.29 
25.59 
27.67 
26.08 
26.56 
27.12 
26.53 
25.44 
26.46 
25.65 
26.87 
25.81 
25.74 
25.28 
25.04 
25.75 
25.95 
23.99 
22.90 
24.42 
24.88 
26.60 
24.66 
24.99 
24.23 
23.52 
25.42 
25.31 
25.61 
24.76 
23.81 
24.26 
24.67 
24.92 
24.58 
24.63 
25.36 
25.56 
24.18 
24.39 
24.27 
23.85 
23.63 
23.38 
24.63 
24.47 
24.26 
25.05 
23.95 
23.27 
23.39 
24.36 
25.01 
24.43 
24.07 
25.28 
23.92 
23.77 
25.15 
23.48 
21.53 
23.74 
23.91 
24.15 
24.58 
23.78 
23.49 
22.56 
23.67 
22.91 
22.36 
22.90 
24.10 
24.28 
23.31 
22.75 
23.39 
23.56 
23.01 
22.65 
22.22 
22.94 
23.40 
23.18 
23.37 
23.38 
22.67 
22.63 
23.94 
21.81 
23.32 
23.68 
25.29 
22.09 
22.43 
22.40 
23.92 
23.88 
24.05 
23.57 
22.46 
24.87 
25.58 
23.64 
23.75 
22.79 
22.04 
23.35 
24.54 
25.69 
22.71 
22.82 
22.99 
23.17 
24.16 
23.28 
23.37 
23.46 
23.83 
23.73 
22.57 
23.35 
23.21 
23.73 
23.17 
24.45 
23.32 
23.72 
22.25 
23.08 
23.90 
23.51 
23.69 
24.74 
23.62 
23.12 
23.55 
23.02 
24.14 
24.13 
24.23 
24.33 
24.30 
25.18 
25.54 
24.70 
22.88 
24.64 
25.01 
24.53 
25.39 
24.44 
25.13 
24.06 
24.54 
25.15 
25.98 
26.00 
25.45 
26.07 
26.25 
25.86 
25.89 
26.39 
26.03 
24.29 
24.59 
24.75 
26.43 
23.83 
24.35 
25.07 
27.23 
26.72 
26.40 
25.48 
25.19 
25.23 
25.23 
24.93 
25.89 
25.35 
26.00 
24.92 
24.61 
24.17 
25.22 
25.46 
26.31 
25.59 
24.84 
25.89 
25.02 
24.77 
25.39 
25.33 
26.59 
25.45 
26.65 
24.92 
26.34 
26.72 
24.84 
24.95 
24.93 
24.60 
25.18 
23.96 
24.74 
25.84 
25.54 
25.09 
25.92 
24.81 
26.45 
26.45 
25.52 
24.76 
25.05 
24.79 
25.05 
23.49 
22.80 
22.81 
23.09 
24.00 
23.60 
