22.97 
23.57 
24.00 
24.50 
22.53 
21.84 
22.77 
23.53 
24.12 
23.44 
22.22 
22.29 
22.01 
22.34 
23.54 
24.23 
24.45 
24.61 
24.45 
25.10 
26.03 
26.02 
26.08 
25.27 
24.60 
25.22 
25.53 
24.93 
24.36 
24.91 
25.45 
26.00 
25.59 
25.12 
25.48 
26.06 
25.98 
24.68 
24.52 
25.40 
26.38 
26.73 
24.11 
25.98 
26.27 
26.45 
25.75 
25.31 
25.85 
25.61 
25.27 
24.48 
22.38 
26.16 
25.57 
25.58 
25.53 
25.41 
26.25 
25.66 
25.67 
25.73 
26.46 
26.90 
27.04 
26.99 
26.13 
26.81 
26.32 
26.85 
28.03 
26.19 
26.59 
25.77 
28.01 
27.13 
23.83 
27.42 
27.40 
25.13 
26.33 
26.95 
27.73 
25.92 
26.96 
27.30 
27.43 
26.55 
24.76 
25.33 
25.77 
26.89 
27.69 
26.94 
27.07 
26.89 
26.87 
27.53 
27.21 
26.26 
26.61 
24.98 
27.20 
27.76 
26.38 
27.01 
27.78 
27.65 
27.54 
27.95 
27.46 
28.15 
27.65 
26.85 
27.77 
28.33 
27.39 
28.11 
26.94 
27.99 
28.13 
27.96 
27.59 
27.12 
27.59 
26.67 
27.73 
27.68 
27.10 
27.64 
26.52 
26.93 
27.70 
27.88 
26.73 
27.78 
27.67 
26.53 
26.74 
26.81 
25.19 
26.91 
25.80 
24.95 
27.20 
26.54 
26.24 
25.38 
26.07 
26.43 
26.61 
26.87 
24.67 
25.11 
24.85 
24.54 
23.37 
25.65 
25.76 
25.05 
23.27 
25.09 
25.97 
25.30 
25.54 
23.74 
24.28 
25.03 
25.11 
24.64 
24.57 
24.76 
23.54 
24.42 
24.48 
24.95 
24.71 
24.59 
23.10 
22.85 
23.71 
24.38 
25.34 
23.79 
24.73 
24.14 
24.88 
24.20 
25.18 
23.49 
25.38 
24.99 
24.78 
24.17 
24.09 
24.50 
23.13 
23.44 
25.26 
23.28 
23.04 
23.62 
23.46 
23.97 
23.46 
23.99 
23.52 
23.72 
23.58 
23.04 
24.22 
24.25 
24.62 
25.21 
23.22 
23.42 
24.01 
24.17 
24.58 
24.12 
24.13 
23.53 
23.40 
23.73 
24.32 
23.88 
23.49 
23.92 
24.54 
23.16 
23.61 
23.51 
23.29 
24.38 
23.88 
23.66 
24.08 
24.37 
24.89 
23.07 
24.38 
24.01 
24.77 
24.15 
24.24 
24.02 
25.77 
24.47 
22.18 
24.08 
25.02 
24.10 
23.91 
26.21 
24.52 
25.03 
24.46 
23.43 
23.52 
23.22 
23.83 
24.60 
25.10 
23.48 
22.90 
23.25 
23.57 
23.71 
23.81 
24.96 
22.63 
23.79 
23.30 
24.10 
25.42 
25.53 
24.37 
23.78 
23.88 
23.42 
25.93 
24.36 
24.45 
25.59 
24.31 
24.98 
24.71 
25.09 
25.04 
25.13 
24.82 
24.23 
24.19 
25.67 
25.20 
25.18 
26.55 
25.67 
26.17 
26.75 
25.47 
24.73 
26.19 
24.65 
25.55 
25.87 
27.07 
26.98 
26.50 
26.28 
24.66 
25.29 
24.33 
24.63 
25.62 
26.25 
26.99 
26.86 
25.43 
26.92 
25.37 
26.44 
27.02 
27.49 
27.27 
26.31 
27.07 
25.68 
27.20 
26.76 
25.41 
26.03 
25.67 
26.47 
26.16 
26.51 
25.57 
26.77 
25.90 
26.27 
26.28 
25.95 
25.37 
25.54 
25.31 
25.31 
25.03 
25.20 
24.67 
23.09 
22.48 
23.08 
22.12 
23.24 
24.56 
24.82 
24.51 
24.67 
23.65 
23.22 
23.35 
23.84 
24.09 
24.25 
24.94 
