29.58
32.54
31.29
31.60
29.91
27.68
28.41
27.14
26.55
27.47
28.25
25.61
26.18
26.62
29.60
27.01
26.56
28.29
25.62
27.25
25.37
29.27
30.50
30.71
31.78
33.46
32.46
27.97
32.35
32.38
31.61
33.19
31.01
26.76
25.70
29.83
30.72
32.76
33.72
33.19
32.91
32.66
34.08
34.50
34.27
34.21
33.72
33.90
28.39
25.20
31.64
25.27
24.79
27.23
23.65
28.22
31.84
34.20
33.90
34.25
29.13
28.35
33.77
28.70
30.81
29.60
30.46
32.34
32.90
32.02
32.60
33.55
34.04
32.31
35.78
34.31
30.21
28.90
32.12
34.15
28.92
34.18
35.50
33.27
30.87
31.13
35.12
31.78
30.33
26.50
28.60
27.85
34.08
31.65
29.60
29.22
26.44
27.17
30.96
32.73
28.80
27.70
26.89
27.90
27.29
26.14
25.30
28.57
26.99
26.04
29.16
27.18
27.68
28.91
31.39
28.36
31.97
26.21
26.64
28.47
28.50
30.29
27.46
26.91
27.17
25.42
27.75
26.38
24.59
27.62
25.34
27.78
25.59
25.75
28.15
26.78
27.07
27.35
25.54
25.50
28.72
26.38
27.11
25.38
25.96
25.16
26.70
24.19
26.19
25.73
25.85
27.00
24.26
24.93
28.30
25.17
27.00
27.28
26.64
30.18
26.86
27.58
27.48
25.30
23.83
25.15
26.29
25.23
28.24
25.07
24.29
26.43
27.29
25.23
23.57
25.64
23.89
25.96
26.37
27.38
28.56
24.42
23.82
27.25
28.13
24.23
25.12
24.56
24.09
24.89
26.23
27.93
27.74
26.30
24.06
27.35
23.97
23.51
25.68
26.96
26.02
24.08
23.05
26.33
28.59
26.36
23.76
23.52
25.89
26.81
24.06
26.36
23.59
26.16
24.85
24.89
23.53
23.93
23.65
25.09
24.65
23.48
27.61
24.64
22.07
25.46
26.28
27.64
27.16
25.28
26.30
27.44
24.86
27.52
27.91
25.33
24.46
24.52
24.41
24.44
26.70
27.92
25.28
23.33
23.80
25.23
25.60
25.97
25.51
24.90
23.14
25.71
25.09
24.33
23.57
26.82
24.59
27.75
26.20
23.43
23.35
23.59
25.12
27.22
24.72
25.44
25.01
24.15
24.28
26.84
26.46
24.05
25.75
26.92
25.23
24.10
24.69
24.50
24.78
26.39
28.22
26.99
26.68
24.67
24.96
28.39
24.98
24.18
23.95
25.30
27.89
26.36
31.19
26.33
28.41
30.87
29.58
26.15
29.89
25.98
28.93
27.22
27.42
27.37
29.79
29.66
27.81
30.23
28.37
28.58
32.37
29.29
27.07
28.68
27.14
25.00
25.39
27.27
23.84
25.69
25.29
27.92
25.57
25.57
23.86
26.36
28.08
27.80
31.20
27.68
26.90
28.37
26.13
28.26
26.55
28.07
29.75
29.39
31.25
30.00
30.83
29.56
24.24
25.00
25.66
26.53
24.59
28.23
26.52
25.16
27.26
25.30
27.55
28.61
26.57
26.80
25.23
24.70
31.65
31.55
31.13
31.75
31.99
32.14
31.71
