29.06
28.90
31.18
31.40
30.33
30.95
30.97
31.00
31.10
31.05
31.17
31.26
26.18
26.29
29.64
27.50
27.40
28.21
28.08
27.35
25.55
30.07
31.04
31.37
31.79
32.73
33.28
33.00
32.97
32.43
32.95
29.24
30.18
32.00
31.47
33.56
33.77
29.21
24.87
31.56
33.42
32.07
30.87
27.96
27.92
25.57
25.01
24.25
26.21
24.88
26.99
25.74
31.24
28.09
29.53
27.65
30.52
31.96
27.91
27.36
30.40
32.38
25.93
32.78
33.35
33.22
30.64
30.56
27.76
30.12
26.11
26.63
32.74
25.50
26.75
26.07
25.22
30.04
26.37
25.20
25.72
24.86
30.13
30.12
32.98
30.13
27.02
25.94
28.15
26.49
32.43
26.41
30.64
26.90
28.64
31.68
28.35
25.94
26.18
25.76
26.09
25.42
25.68
27.36
25.26
28.06
24.59
30.20
29.79
27.52
25.54
27.04
29.21
26.16
24.89
28.42
26.12
29.08
24.91
25.48
25.19
27.71
27.82
26.58
26.07
25.61
23.27
27.07
26.03
28.41
30.78
27.61
25.68
25.36
27.42
31.77
29.46
26.55
26.35
30.07
28.32
26.91
25.10
25.89
25.66
25.39
29.28
26.89
25.13
24.60
24.72
24.82
24.41
25.04
27.85
24.86
28.53
24.63
25.67
25.95
26.72
27.91
24.84
24.56
23.97
25.43
25.19
28.63
24.67
25.55
23.85
24.19
25.47
25.24
26.95
25.57
25.00
25.06
24.54
23.74
23.64
24.63
24.54
24.54
23.72
24.37
23.99
28.05
25.76
26.06
24.66
24.18
23.57
23.66
27.10
25.74
22.16
23.87
23.67
26.21
24.77
27.29
25.42
24.53
25.58
26.77
26.73
26.42
25.80
26.21
26.81
23.51
24.66
25.28
25.40
25.52
25.15
26.46
27.71
26.36
26.27
26.52
27.14
27.00
22.93
23.15
26.60
26.01
25.22
24.67
26.74
27.20
27.35
27.07
27.36
24.81
26.71
27.34
24.68
26.89
25.11
23.57
27.57
25.91
25.12
26.50
26.22
24.72
25.01
26.40
27.61
27.10
24.52
24.48
25.29
27.36
23.95
24.19
26.56
26.28
27.05
25.88
27.22
24.50
27.32
24.14
24.55
24.64
26.27
25.02
26.47
27.02
26.67
25.75
25.61
28.11
26.36
27.32
24.55
24.53
25.59
24.67
28.93
23.94
27.20
24.00
24.56
23.34
25.79
26.19
28.08
25.41
25.37
27.29
25.88
23.52
25.85
26.20
24.00
23.98
23.98
24.09
26.98
25.47
26.26
25.31
26.26
24.52
25.44
26.91
26.67
26.47
27.79
29.06
28.62
30.19
28.93
30.08
25.25
24.34
26.78
26.68
27.61
25.90
27.88
30.29
29.97
29.73
29.96
29.68
29.51
29.33
28.42
26.41
25.52
28.44
28.37
30.42
30.67
29.08
29.79
29.31
31.17
32.22
32.51
31.63
29.32
29.30
27.61
28.21
27.04
28.04
28.09
31.53
30.43
28.79
24.37
27.03
26.17
30.50
30.98
30.81
32.00
31.17
29.01
