25.19
31.27
27.49
27.53
31.80
30.55
29.02
29.79
30.18
30.78
31.36
31.22
31.34
31.98
32.85
33.30
33.04
31.95
32.27
33.04
33.06
32.81
31.86
32.65
33.58
34.15
33.89
32.32
33.42
33.31
32.76
29.13
25.59
26.30
32.51
32.50
27.67
28.76
31.46
31.91
33.60
33.74
32.51
28.16
24.43
26.71
29.43
33.10
27.92
30.49
26.94
28.59
28.50
31.95
32.29
30.88
27.29
34.14
32.93
27.06
26.23
25.17
30.64
27.32
30.23
27.56
27.35
26.17
24.62
32.07
26.11
27.84
27.18
26.83
25.94
25.91
25.16
27.03
32.55
32.64
33.17
34.60
34.10
33.90
28.98
28.58
25.48
26.07
27.36
28.13
28.11
26.31
26.03
25.79
28.36
27.71
26.71
31.88
26.40
28.43
29.61
28.41
27.24
25.98
27.81
27.73
29.65
26.66
27.62
26.59
32.79
25.73
26.76
29.98
27.42
25.90
26.52
26.61
27.56
26.78
30.97
29.99
28.06
28.43
26.55
27.70
25.75
25.51
25.26
26.78
27.95
29.25
31.57
26.42
30.00
28.44
28.49
27.44
26.05
26.00
27.40
30.66
25.87
25.37
26.30
28.80
31.24
26.32
26.91
26.98
24.34
23.59
26.28
27.11
28.93
25.33
25.08
24.78
25.40
24.02
24.51
29.55
27.90
29.57
25.68
24.20
24.43
28.03
29.37
25.98
25.92
24.07
24.24
24.80
27.11
25.68
24.48
23.94
24.60
25.76
25.08
28.30
24.50
27.09
24.85
25.37
24.78
24.28
29.05
28.43
26.24
25.06
26.99
26.33
25.05
24.79
25.84
23.72
21.79
26.16
25.65
25.58
25.79
27.22
27.41
25.66
23.90
25.54
24.31
23.31
24.64
24.56
27.41
27.67
24.04
24.62
27.83
23.68
24.59
26.23
24.94
27.51
27.68
25.20
23.21
25.69
27.97
26.65
22.48
26.86
23.96
24.25
24.19
24.03
24.32
25.11
23.19
23.83
24.47
24.43
26.06
23.91
24.34
23.95
25.79
25.46
24.64
26.28
23.67
25.92
25.48
24.82
23.93
24.16
24.68
24.59
24.75
25.59
24.95
24.47
24.79
23.19
23.09
26.18
25.37
24.46
24.41
25.19
24.03
26.42
25.88
24.14
24.32
24.86
27.35
27.37
23.82
26.32
27.44
26.10
24.88
23.82
24.58
24.86
26.51
26.83
25.89
25.71
30.37
27.55
26.30
29.34
26.75
27.02
25.78
24.67
25.14
24.96
25.91
25.45
27.24
28.13
27.73
29.14
30.58
28.29
28.32
29.68
28.62
29.84
28.02
28.95
25.64
27.49
26.68
25.27
27.50
24.89
25.86
26.49
26.91
29.01
25.15
24.86
26.55
26.11
26.37
28.05
26.61
25.68
25.91
25.89
25.78
26.93
26.59
24.65
25.89
25.34
24.78
27.71
30.38
29.80
30.24
30.73
31.19
28.29
31.08
31.40
32.10
30.22
30.17
30.77
30.48
30.26
29.79
29.70
26.54
31.14
30.40
31.73
31.56
31.58
32.42
31.78
31.78
