28.65
30.92
31.54
32.29
31.72
32.25
28.31
26.35
30.22
31.80
31.15
31.91
31.36
31.68
31.34
29.96
30.29
31.42
30.90
32.32
32.73
31.80
33.15
32.25
32.06
32.25
33.69
33.55
32.71
32.89
31.24
33.11
33.12
32.07
28.62
30.44
32.87
32.24
32.70
33.42
33.61
33.68
33.51
33.58
32.86
33.38
34.61
34.72
34.32
34.71
35.30
35.04
33.65
33.57
28.99
29.58
27.84
30.40
29.35
28.20
31.22
35.70
30.92
27.95
31.32
33.82
34.62
33.79
29.87
28.08
28.46
25.52
25.51
31.19
26.12
27.83
28.80
25.47
29.39
31.80
29.15
27.75
28.36
27.43
27.17
27.15
27.68
26.75
29.86
27.36
26.91
27.52
25.46
28.96
27.04
27.32
28.52
30.09
28.48
27.77
29.49
27.93
26.88
27.31
26.64
25.56
32.03
29.40
27.46
29.36
27.78
27.42
29.02
29.63
28.29
26.12
30.39
29.88
27.58
26.39
30.11
29.38
26.82
27.11
28.76
28.49
27.56
28.54
30.79
28.14
29.68
29.99
26.42
27.14
26.40
31.08
28.76
28.37
25.97
25.27
29.35
31.72
29.35
26.57
24.31
24.93
27.79
26.91
26.74
28.01
24.70
29.11
29.47
25.84
27.30
24.87
26.76
26.44
25.31
23.52
25.45
24.23
24.59
27.90
24.23
29.17
28.40
27.92
24.97
24.80
24.23
25.78
27.94
23.60
24.15
25.42
24.40
25.01
23.85
24.64
24.10
24.49
24.92
24.52
24.79
24.68
24.15
24.97
27.17
25.01
24.38
24.80
24.31
24.11
25.80
23.58
23.96
28.13
27.25
26.48
24.03
24.62
23.59
25.11
28.01
27.93
26.86
28.95
28.54
25.10
22.83
26.96
26.82
24.01
27.02
26.57
26.79
26.19
24.05
23.90
27.05
26.01
25.19
24.21
24.31
23.33
25.86
24.59
26.21
25.44
26.05
25.65
25.14
27.25
26.90
25.79
24.69
28.06
28.02
24.24
27.77
27.82
23.61
25.41
26.47
26.08
26.00
27.51
25.48
28.36
30.30
25.22
24.20
27.19
23.77
25.80
27.15
25.17
25.69
27.07
23.74
22.81
27.47
26.23
23.40
23.61
27.27
23.10
25.53
26.69
25.40
26.96
24.92
23.85
27.86
25.27
26.77
25.04
26.59
25.29
24.08
27.04
27.97
24.41
27.24
29.43
26.53
26.09
27.62
24.56
26.96
28.07
28.80
28.57
26.43
25.46
27.48
28.32
28.58
30.59
30.45
30.20
27.52
26.60
30.12
32.80
32.19
30.73
30.10
30.46
29.35
30.55
28.25
29.11
25.07
26.43
26.59
27.82
28.87
27.48
27.81
31.42
30.17
28.75
29.65
25.41
25.84
27.82
29.97
25.06
25.48
27.98
28.42
26.48
28.16
28.27
29.74
27.98
30.81
29.64
29.84
30.93
30.92
25.77
27.61
31.28
30.79
26.80
27.40
27.75
29.42
31.36
28.84
29.44
27.96
31.41
28.25
29.38
31.93
29.95
30.97
31.27
31.69
32.60
31.20
