24.31
27.49
31.54
32.43
29.13
26.86
28.12
31.15
28.20
27.50
27.02
26.43
25.17
27.34
25.30
25.84
30.60
28.60
29.81
28.09
26.64
27.50
28.89
25.84
31.50
31.67
32.28
31.65
32.88
31.37
30.44
32.46
32.73
33.16
33.35
33.54
32.42
31.28
31.23
31.00
32.12
31.65
28.83
31.26
32.87
33.14
33.94
34.30
33.31
33.94
33.68
32.83
33.25
33.44
32.06
29.05
28.02
29.96
25.99
26.89
28.30
27.71
32.75
35.10
34.39
34.47
33.46
32.82
28.91
32.03
29.80
28.22
27.35
28.60
28.66
32.95
26.12
26.38
32.97
29.12
25.75
24.69
27.77
25.97
26.03
28.38
26.92
24.91
25.39
25.10
27.81
24.71
25.82
26.46
33.07
30.51
24.31
28.06
28.75
33.39
26.45
23.94
29.10
29.01
25.79
27.45
27.17
28.48
26.72
27.03
24.73
26.77
24.73
24.81
28.62
25.68
26.50
26.50
27.36
27.51
27.78
27.35
27.31
27.33
26.14
26.15
25.50
26.31
24.50
27.06
26.39
25.39
28.11
29.97
30.25
31.37
30.86
28.62
27.53
25.42
25.52
25.85
28.15
29.07
28.04
25.47
28.18
26.73
27.45
25.79
25.75
27.38
28.59
26.22
24.90
23.40
28.89
28.50
26.91
26.04
26.84
24.69
23.76
24.19
25.15
28.50
24.33
24.05
26.00
24.57
25.17
26.65
24.38
24.75
24.87
27.38
26.98
26.78
24.38
23.80
24.75
26.08
25.02
26.79
26.98
23.97
25.16
27.55
27.59
27.14
24.58
24.83
27.36
26.14
25.45
25.24
22.34
27.37
26.54
27.79
26.20
24.54
27.76
26.47
24.06
23.92
24.44
26.13
25.35
25.88
24.46
23.50
26.91
27.10
24.33
26.47
28.57
26.67
26.36
27.97
27.75
24.65
27.90
27.28
25.83
26.39
28.37
25.30
26.57
28.39
24.38
27.83
28.03
24.43
27.58
25.09
25.87
24.69
26.06
26.30
23.87
24.08
28.26
24.78
27.75
26.68
25.18
26.09
24.89
24.16
24.82
24.41
26.54
24.86
24.85
28.97
24.84
26.24
24.86
24.37
23.95
28.69
26.68
29.98
28.28
25.48
25.40
27.25
25.51
26.94
25.73
24.63
26.16
25.86
25.18
26.45
26.99
27.99
24.98
28.54
28.35
26.53
26.05
29.81
29.47
28.33
28.31
27.13
26.33
27.26
24.54
26.65
24.76
26.31
27.48
26.46
26.99
29.55
28.12
26.95
29.20
25.31
27.55
26.51
27.07
27.48
27.85
28.96
29.18
28.02
26.07
25.97
30.85
31.22
30.01
30.04
31.02
29.45
29.76
31.79
31.68
29.49
24.89
30.35
31.56
29.21
31.92
32.07
29.27
27.78
27.99
27.51
27.66
29.53
31.18
30.74
31.20
32.14
32.49
29.78
28.59
30.54
28.40
29.45
29.97
27.36
26.95
30.49
30.15
30.74
31.47
30.85
31.69
30.95
28.92
29.61
29.24
28.81
31.85
30.90
31.82
31.27
32.15
31.76
29.44
