28.65
30.88
31.22
31.30
31.09
24.81
24.67
23.47
28.54
29.20
31.91
31.61
31.04
30.98
31.84
32.71
33.27
33.69
32.14
33.25
31.40
31.99
32.22
32.23
31.93
33.02
33.44
33.23
34.14
32.88
34.09
34.12
34.36
35.30
35.12
35.20
34.98
33.02
34.37
35.04
34.14
34.93
34.88
34.82
34.30
33.44
33.35
29.65
33.08
31.32
31.28
30.04
30.65
28.57
33.65
34.02
29.13
31.26
31.43
28.74
30.97
29.64
32.65
31.30
28.17
27.76
27.11
25.96
27.47
27.71
28.47
27.64
30.51
30.30
31.15
31.41
27.53
27.31
30.10
29.18
31.65
26.96
28.31
26.19
32.98
27.24
28.58
28.05
33.45
33.34
34.41
29.30
29.96
26.04
27.48
27.74
25.70
23.47
31.13
33.66
26.15
32.70
26.44
27.07
25.42
26.98
26.86
26.15
27.82
27.71
27.70
31.95
27.89
29.15
27.60
27.24
28.23
28.15
31.31
31.15
27.74
29.44
30.04
25.53
25.37
24.46
27.09
27.68
26.55
27.89
27.24
29.42
27.74
27.99
31.99
27.72
25.82
27.46
30.99
31.60
30.90
27.86
31.00
31.80
27.70
27.89
27.31
27.81
27.16
31.43
27.13
28.52
28.37
24.24
26.11
25.87
29.46
28.52
29.86
27.90
24.39
29.22
29.28
26.45
24.65
24.99
25.13
23.37
24.28
24.71
24.73
25.90
26.18
24.95
24.14
26.35
24.57
24.25
25.41
27.41
24.95
25.40
25.15
24.50
24.18
25.88
24.56
26.56
24.89
25.65
24.58
24.31
23.78
25.67
28.03
25.08
25.03
23.25
24.56
24.21
24.63
24.67
25.03
24.59
24.71
28.90
26.09
24.40
27.26
25.95
25.53
23.48
23.67
26.42
26.38
25.24
23.66
23.08
24.69
28.18
25.53
23.80
24.61
26.47
25.03
23.71
25.33
27.28
25.41
26.64
24.99
26.43
24.86
25.98
26.35
28.48
25.46
25.31
27.85
28.07
27.22
27.45
28.16
25.86
24.67
27.55
24.55
25.67
25.88
24.13
28.30
28.70
23.47
23.77
24.94
26.52
27.68
28.39
25.69
24.69
24.44
24.56
27.90
26.02
24.71
25.41
24.55
25.53
29.25
25.51
26.94
29.62
24.30
24.34
24.86
26.42
28.08
27.95
27.30
27.59
25.83
24.71
25.67
25.81
25.38
28.42
24.64
24.84
26.34
28.05
27.07
25.17
24.32
28.37
25.56
26.48
27.45
27.23
25.94
25.88
27.05
27.41
26.15
27.15
29.65
29.34
30.01
27.55
24.73
24.20
27.17
27.36
26.04
24.79
24.94
26.84
30.68
29.08
27.69
26.96
30.07
30.88
27.99
29.30
31.56
31.37
28.54
30.69
29.14
30.29
31.70
31.72
30.36
27.78
27.04
27.04
27.83
27.68
25.28
24.23
26.45
24.55
26.47
25.33
29.96
31.27
32.00
31.24
31.84
31.48
31.21
31.98
32.32
32.75
31.36
31.67
31.27
31.47
31.57
30.52
30.81
31.26
31.96
32.58
32.29
