27.73
26.80
27.04
32.21
32.38
31.90
31.96
29.83
30.61
31.35
27.61
27.13
27.45
26.08
27.97
28.52
29.50
28.28
28.08
25.97
24.97
27.09
25.92
28.31
28.57
26.80
28.51
32.29
28.21
30.67
31.72
30.84
31.16
31.87
32.27
32.65
33.66
33.48
33.01
32.66
32.89
32.83
33.73
33.93
33.87
33.61
33.72
33.02
33.42
34.48
33.39
30.87
32.58
32.77
30.28
28.71
30.05
29.15
33.48
34.36
34.24
35.16
34.40
34.55
32.84
30.93
34.88
35.12
35.73
36.08
35.05
35.28
34.84
33.92
34.01
34.41
34.72
32.61
27.43
27.12
34.38
31.20
32.69
32.44
31.52
31.83
27.65
27.08
31.73
27.81
29.01
29.10
29.60
31.68
28.15
29.56
34.47
34.49
32.58
30.30
26.32
26.38
31.44
29.57
33.70
28.10
31.49
28.28
26.97
33.87
32.88
29.50
26.93
31.78
27.70
29.61
31.04
27.85
27.95
27.94
27.92
25.92
27.03
28.34
28.39
28.22
32.26
31.28
28.61
31.06
28.73
28.10
27.93
27.64
29.78
30.62
31.88
30.23
30.83
27.48
30.82
24.91
28.92
24.69
24.93
26.20
25.83
26.53
29.55
29.71
26.83
27.18
26.49
24.35
30.12
26.10
24.40
30.06
29.80
29.76
25.48
24.16
26.92
27.94
29.26
29.55
24.92
24.12
24.62
26.83
25.98
24.60
24.74
25.37
26.33
27.10
25.89
25.32
27.35
26.25
25.69
27.50
24.67
26.43
25.91
23.69
27.76
26.89
25.82
28.95
23.83
25.21
25.69
26.25
24.90
24.01
27.91
27.88
28.28
28.17
27.98
28.30
28.22
27.38
27.24
27.37
27.68
28.10
27.94
25.08
23.84
24.63
29.09
25.05
22.49
27.76
26.77
27.68
24.09
26.50
23.98
24.92
27.00
27.95
27.43
24.30
24.70
27.45
27.76
24.37
26.18
27.81
28.16
27.31
26.72
23.45
26.78
25.48
25.11
24.78
25.07
25.78
25.93
24.31
26.51
27.46
25.23
27.01
24.44
24.36
25.69
23.66
24.81
25.76
23.83
24.94
28.15
28.54
24.39
25.80
26.09
24.25
25.23
24.55
23.76
24.16
25.46
24.24
26.30
23.71
24.76
23.90
25.89
28.86
23.63
26.20
23.95
23.80
24.48
26.51
24.39
23.71
26.80
24.39
26.10
25.33
24.36
25.19
26.23
28.11
28.33
25.58
24.89
28.74
28.63
26.35
24.91
25.70
25.99
29.79
24.18
25.14
26.88
24.97
27.54
26.77
24.88
26.43
28.40
30.46
31.06
29.09
31.27
29.65
28.73
29.69
29.43
29.68
28.94
28.79
29.50
31.17
26.33
28.14
26.91
27.10
27.66
28.81
30.24
29.67
26.64
30.31
28.89
28.20
31.47
30.88
29.48
30.58
31.82
30.76
30.86
32.14
31.79
31.14
30.23
31.18
31.78
31.98
31.33
31.97
32.26
32.97
32.10
32.53
29.78
28.41
27.67
29.00
32.06
32.31
31.11
31.78
27.33
26.22
30.61
29.72
