31.11
31.29
30.97
30.99
31.78
33.46
33.52
33.53
33.27
33.58
32.94
33.28
32.84
32.23
32.37
33.49
34.17
33.88
33.73
33.34
33.80
33.86
34.57
33.72
34.48
34.52
33.59
29.58
29.93
28.76
29.33
27.35
32.25
32.95
31.93
27.82
30.21
29.70
29.09
25.06
28.53
34.23
32.97
30.34
34.34
33.88
33.84
32.34
29.06
29.08
30.92
28.83
32.23
34.91
34.29
34.90
34.55
34.17
33.90
32.05
30.09
35.24
35.23
34.82
35.46
35.55
36.08
34.81
32.07
27.59
35.63
35.40
32.69
28.96
29.03
29.64
29.08
28.34
29.49
30.81
28.23
28.44
28.93
32.98
29.91
35.36
31.74
31.91
28.23
28.73
30.50
28.74
29.93
31.47
29.98
26.21
27.15
30.64
27.37
31.84
33.30
31.20
29.89
28.80
28.46
26.75
29.70
28.02
30.61
29.25
26.83
29.80
29.59
32.34
27.17
27.28
27.49
31.04
27.55
30.57
27.60
27.20
28.88
28.38
28.22
28.25
27.34
29.56
28.60
27.40
29.59
27.36
29.11
29.57
30.06
32.05
30.71
27.09
30.67
28.90
31.23
33.28
31.86
30.15
28.83
28.81
26.74
28.10
29.32
27.96
29.89
30.96
26.91
30.09
28.05
25.73
25.20
24.22
26.51
28.46
26.24
25.49
28.61
25.15
26.26
29.23
30.20
25.68
26.06
26.64
26.97
26.55
28.68
26.07
24.15
24.90
25.75
26.81
25.86
25.19
26.23
28.59
29.45
26.93
25.21
24.84
23.50
25.11
27.57
27.66
28.64
27.04
26.50
24.67
25.35
29.05
28.56
26.35
25.19
28.73
26.23
24.07
24.90
28.84
29.47
26.81
23.51
23.83
23.98
25.87
24.76
27.11
27.88
28.17
27.04
27.63
27.27
27.19
28.46
24.47
23.60
24.66
23.34
24.51
25.61
23.60
25.18
28.30
24.23
27.28
28.82
28.72
23.50
28.69
27.70
24.87
25.97
28.70
27.94
24.01
23.80
23.86
23.88
23.11
24.66
26.69
23.79
23.37
24.38
28.24
25.18
22.78
23.26
28.74
24.38
24.72
25.42
24.21
24.71
24.55
25.40
24.41
25.06
27.35
27.00
25.09
27.48
24.07
25.65
25.62
25.21
24.02
27.33
26.15
28.00
27.29
23.91
25.82
24.57
24.89
25.80
24.35
26.06
25.32
24.30
24.25
27.37
28.94
26.45
28.58
24.12
24.79
25.03
25.33
25.57
24.37
26.97
24.41
28.28
23.94
26.30
24.83
25.24
25.32
30.05
26.83
25.51
26.07
27.50
28.22
27.80
27.14
28.32
26.00
26.88
26.53
30.27
28.29
27.90
26.89
29.85
27.03
29.43
27.30
27.55
28.28
31.45
28.95
29.81
26.50
30.91
28.84
28.62
28.07
27.65
27.19
24.85
23.90
30.45
30.28
31.74
31.45
32.46
29.48
31.81
32.28
31.91
33.09
33.26
27.65
30.82
31.72
31.29
32.68
33.33
32.59
32.63
32.17
31.99
31.28
32.17
32.33
33.01
31.19
31.36
