28.00
29.82
32.01
31.69
32.58
30.81
29.54
32.48
32.63
31.69
31.61
33.72
32.85
32.90
32.41
31.13
33.02
32.84
31.76
32.58
32.70
33.20
33.68
30.31
31.14
32.27
25.56
29.48
33.67
35.04
33.95
33.63
34.60
34.32
34.03
33.85
35.19
33.97
33.85
33.42
29.69
29.46
27.05
27.90
31.20
31.19
29.89
28.10
28.53
30.29
30.64
31.96
29.23
33.95
32.38
32.25
30.25
33.42
32.96
32.24
30.82
29.03
31.57
30.63
28.20
29.36
30.73
27.25
27.42
26.09
29.01
29.23
28.40
28.70
32.43
28.20
30.55
28.37
28.65
33.78
35.20
35.63
34.94
32.89
32.23
34.00
30.78
30.48
34.99
29.38
28.05
32.03
28.55
32.69
32.88
28.29
29.03
35.17
27.50
27.18
31.52
28.70
30.86
31.10
27.87
30.88
31.67
32.26
32.73
27.97
33.87
28.34
28.56
33.84
29.26
28.36
31.05
28.64
28.17
32.17
27.95
26.59
28.69
32.17
27.99
28.04
29.94
30.96
26.36
32.41
30.26
30.12
28.83
31.96
31.05
25.91
27.55
31.31
28.05
26.68
27.71
31.10
27.13
28.06
26.84
31.81
28.92
25.96
25.19
26.14
24.89
27.04
25.15
25.34
24.55
26.97
29.81
25.65
26.61
25.55
24.18
30.34
28.70
24.26
25.41
25.02
25.35
29.96
30.62
28.58
26.52
26.47
29.35
26.89
25.84
28.40
27.46
29.38
29.19
27.37
28.51
23.97
28.48
25.33
26.76
27.41
26.70
24.23
29.15
25.17
23.54
27.69
28.96
26.75
24.30
25.24
24.50
26.08
28.53
29.27
28.15
28.11
29.56
29.00
29.03
29.91
29.47
24.93
27.02
28.03
27.69
27.60
28.15
28.99
27.25
27.62
29.07
30.07
30.57
24.31
24.69
26.07
24.72
23.57
25.53
23.92
25.09
26.47
23.75
24.52
28.73
24.46
25.75
24.99
28.09
25.09
24.29
24.94
24.68
25.33
24.64
25.99
26.21
25.30
27.52
24.93
24.61
28.70
23.81
28.26
27.80
24.68
26.39
25.11
23.90
25.04
27.76
23.86
26.54
26.28
23.67
24.45
24.32
24.20
25.66
25.40
25.43
26.58
26.18
24.23
23.92
30.03
24.61
24.99
29.71
26.69
26.14
25.65
25.84
24.69
24.43
27.77
28.06
26.70
24.44
25.05
28.32
24.44
28.18
25.78
25.78
25.08
25.75
26.57
25.76
26.96
26.11
25.83
25.58
28.23
25.94
26.33
26.79
24.25
26.62
25.56
26.71
29.38
25.47
27.46
25.94
26.58
31.22
27.65
27.86
32.64
27.15
28.64
30.19
28.76
27.69
26.92
30.04
30.53
25.97
27.09
30.46
30.16
32.03
30.71
26.45
27.19
29.55
29.83
31.45
31.37
27.49
28.13
28.23
27.63
27.17
27.89
30.72
30.49
31.10
31.55
30.60
31.49
31.68
31.15
32.18
32.52
32.80
30.48
32.23
28.52
29.93
28.43
31.72
27.17
26.94
30.54
26.25
27.41
30.99
