29.83
29.73
29.48
29.70
30.12
30.03
30.12
28.43
29.24
28.69
29.36
28.44
28.61
29.33
30.27
30.33
30.24
29.14
29.79
29.80
28.89
27.08
27.30
28.91
29.26
29.47
30.04
30.40
29.88
30.48
30.38
28.67
30.87
28.95
29.90
29.96
29.06
29.75
31.04
30.74
28.67
28.25
30.54
28.34
30.94
31.99
29.05
28.06
29.37
30.04
30.76
31.72
30.54
27.24
28.53
29.78
29.69
30.52
32.07
29.50
31.06
29.88
31.37
28.49
29.24
28.86
30.27
31.74
29.33
26.93
29.15
30.78
30.81
29.21
30.48
29.70
31.47
30.70
24.34
33.06
30.82
28.23
30.17
30.29
31.98
32.05
32.89
31.09
32.28
29.78
28.56
29.15
27.66
25.17
30.84
30.97
31.47
31.29
31.73
31.77
31.13
30.18
30.83
27.64
30.13
27.41
28.05
29.12
28.45
28.41
30.39
28.55
28.31
26.53
27.42
28.08
27.05
26.83
27.39
29.35
28.60
29.26
28.81
27.69
28.35
25.47
26.83
29.90
29.13
29.10
28.34
28.26
27.35
27.77
27.75
25.66
24.95
27.44
26.61
25.99
26.58
26.59
28.90
27.66
25.00
25.61
25.00
26.71
27.37
27.21
27.84
25.92
24.29
26.68
25.74
24.78
24.54
24.43
24.82
24.36
26.46
27.14
27.78
28.36
27.24
27.01
27.09
25.26
26.59
25.37
24.95
23.69
24.49
23.90
23.69
23.22
25.47
25.65
27.59
26.38
26.51
25.41
26.34
23.49
26.22
26.72
26.91
25.42
27.20
28.30
24.98
26.96
27.84
23.72
24.29
26.76
24.49
27.47
28.62
25.05
26.33
26.24
27.72
26.90
25.86
27.15
25.38
24.31
24.26
27.82
28.80
26.60
26.71
25.82
25.16
26.50
23.78
27.16
27.52
24.84
25.90
27.50
28.41
26.16
23.86
26.38
27.95
26.40
27.00
27.20
27.67
27.05
27.96
27.80
26.91
27.20
27.37
28.20
26.10
25.99
25.93
26.33
28.37
26.93
26.81
28.29
26.27
27.81
25.51
26.46
24.72
29.57
28.00
28.54
29.29
29.40
29.12
28.23
27.54
28.50
29.98
28.02
28.52
29.49
28.99
26.76
28.81
28.22
27.82
29.38
28.73
26.85
30.12
28.19
30.01
29.07
29.01
27.95
27.43
25.06
29.88
29.58
30.46
29.25
29.49
30.71
30.17
28.42
28.82
25.99
28.64
27.79
27.67
28.17
27.01
28.24
27.14
29.18
28.30
28.64
29.91
30.40
29.94
30.43
30.68
30.35
30.13
30.03
29.86
29.91
28.46
27.46
26.41
29.85
29.39
30.02
30.86
30.56
30.27
29.18
29.58
30.27
26.09
27.82
25.77
28.47
27.15
28.28
29.61
30.42
30.23
30.30
29.92
30.46
29.46
