32.23
28.82
28.82
27.77
31.82
30.11
30.95
31.43
32.25
31.01
31.63
31.94
32.60
29.48
30.90
30.10
29.06
28.97
25.49
26.08
29.36
29.41
30.64
32.13
31.56
31.99
31.09
27.59
28.24
32.24
33.36
33.22
33.42
31.56
30.11
27.71
28.37
29.82
30.88
34.27
33.73
27.33
28.60
27.22
24.50
25.84
26.81
28.53
27.98
27.41
27.79
27.39
28.31
28.96
29.28
29.52
27.93
27.81
29.01
28.45
28.99
32.51
28.08
28.21
32.31
29.07
28.86
27.18
26.83
25.81
26.97
32.35
27.87
27.84
26.17
31.17
27.96
29.77
25.72
25.49
26.15
32.11
32.00
28.70
31.55
29.14
24.76
25.42
25.77
28.08
25.80
27.82
26.22
29.50
30.05
31.65
29.95
30.20
33.19
33.59
34.37
28.53
27.31
28.39
26.26
28.04
25.92
29.54
26.19
32.92
28.99
33.95
33.80
32.42
29.98
31.46
29.82
29.13
27.76
28.29
28.22
31.51
27.62
30.93
28.83
29.15
30.15
32.89
28.95
30.81
27.77
27.60
26.30
30.17
29.56
29.15
31.56
26.52
29.86
28.70
26.06
26.15
27.22
25.31
26.12
30.79
25.33
28.69
30.01
27.00
25.29
27.41
24.83
23.56
24.79
25.55
25.00
28.40
26.26
24.78
25.31
28.92
26.59
25.72
27.49
25.13
25.68
28.31
27.82
25.42
24.55
24.43
27.24
28.47
25.68
24.02
24.67
24.35
27.48
26.93
28.58
28.52
26.00
27.00
24.92
29.71
27.66
25.48
25.03
25.67
25.54
23.79
25.77
26.08
24.63
24.63
24.18
25.12
25.35
24.37
25.62
27.34
25.55
27.49
24.57
24.34
24.07
24.78
25.45
26.18
25.27
27.89
27.46
25.56
23.82
24.96
24.79
26.71
25.78
27.69
25.90
25.70
24.73
24.18
25.70
24.68
23.95
25.19
23.03
24.65
27.65
26.23
23.85
24.43
24.88
24.52
23.89
24.60
24.76
28.05
24.67
25.57
24.38
28.20
26.60
25.06
27.22
25.31
24.39
24.83
26.15
25.96
22.86
26.31
26.42
28.49
25.77
25.98
25.71
25.63
26.34
25.42
24.98
25.21
22.61
25.61
26.62
24.47
25.62
24.50
23.79
23.60
26.71
24.53
24.39
25.96
24.36
26.53
24.32
24.17
25.23
25.67
27.11
23.78
23.93
28.55
26.99
28.43
29.49
25.04
24.00
29.22
28.79
28.04
29.92
28.52
29.61
28.11
29.97
31.25
30.94
31.67
31.14
30.86
30.88
31.42
29.69
28.19
27.25
27.85
28.17
29.40
27.84
27.44
27.72
29.21
31.24
28.97
28.48
31.35
32.24
31.09
28.17
28.20
30.54
31.14
28.19
25.97
29.18
31.56
32.46
31.97
32.29
32.36
27.34
25.18
29.42
26.21
26.49
27.12
27.61
29.21
30.54
31.83
31.83
31.75
29.24
29.21
30.85
30.35
31.27
31.62
29.71
31.15
32.29
32.79
32.38
32.71
29.71
32.34
32.05
32.31
33.99
33.44
33.97
