31.50
32.17
33.18
32.07
26.56
27.53
24.53
24.70
26.77
30.41
28.09
29.02
31.87
28.81
28.07
28.95
27.01
27.32
25.86
33.19
32.59
33.24
33.92
32.03
29.84
31.26
29.12
29.73
27.27
26.83
29.13
28.77
25.33
27.65
28.82
28.88
25.21
26.17
25.66
29.21
29.51
27.19
26.39
27.81
26.83
26.62
27.58
25.19
25.79
32.49
31.03
32.66
28.51
27.50
28.50
31.40
30.94
31.71
29.15
26.86
31.15
28.63
28.05
28.92
28.74
27.98
26.74
26.79
26.30
29.46
29.29
27.63
30.34
26.65
27.42
28.37
27.04
27.70
28.53
28.16
28.66
33.66
29.03
29.00
27.75
28.12
25.13
27.19
30.31
28.56
27.59
28.87
29.57
27.76
28.70
26.08
28.72
29.14
29.67
26.86
28.31
32.80
29.93
27.80
26.30
27.61
27.71
26.19
29.22
31.05
28.94
32.91
31.33
26.60
27.29
29.85
26.84
25.16
28.08
29.15
27.05
26.44
27.85
28.01
30.65
26.38
27.11
27.71
30.12
26.95
27.00
26.39
28.50
27.46
26.28
25.30
25.98
26.64
26.28
25.24
26.28
25.57
26.63
28.64
28.57
29.01
27.12
30.59
26.91
28.60
27.04
27.72
27.16
26.85
29.32
26.38
28.74
28.40
24.24
24.97
26.49
25.63
30.65
27.61
26.06
27.60
27.18
30.81
28.81
23.29
25.80
23.99
26.89
27.56
30.15
26.84
29.68
29.96
28.40
26.26
25.02
27.46
28.89
24.45
25.52
24.17
23.99
28.36
25.48
28.59
29.08
24.56
24.90
26.93
24.31
24.48
29.14
29.04
24.04
24.51
27.07
29.08
26.48
27.49
28.32
24.59
28.70
29.30
25.81
23.92
23.72
25.18
24.34
24.35
21.36
21.73
25.10
25.06
24.99
27.80
27.63
27.35
24.53
24.64
28.10
26.23
24.11
24.91
25.08
29.17
25.13
28.84
28.89
27.01
23.22
25.96
28.94
28.93
22.37
27.15
26.77
28.31
27.07
26.53
26.40
24.28
24.22
26.60
27.61
24.52
24.75
25.42
27.41
27.95
27.81
25.11
26.92
23.55
24.31
25.76
25.31
24.56
26.40
26.60
25.05
25.24
28.86
24.76
24.77
23.84
29.35
25.97
29.04
26.64
25.69
25.16
28.23
27.62
27.16
29.03
27.47
25.80
27.74
25.74
28.36
23.73
25.63
25.99
28.01
29.25
27.71
25.93
30.66
28.27
26.92
25.14
31.08
28.91
28.38
29.38
25.31
27.35
28.26
29.88
25.34
24.55
26.26
26.02
25.98
29.31
30.25
26.59
27.69
31.80
31.33
31.74
26.51
31.52
29.94
31.26
32.25
33.01
32.66
31.72
30.58
31.65
31.33
30.33
29.84
28.84
32.02
31.51
32.29
32.84
30.65
31.02
26.88
32.19
32.02
31.83
32.61
32.19
32.56
32.88
32.04
30.56
28.30
29.15
27.83
31.54
31.90
31.93
32.23
31.23
30.22
30.02
31.76
32.06
32.83
32.53
32.39
31.49
32.52
31.98
31.93
