27.92
26.61
30.83
32.13
29.42
31.42
31.48
32.25
33.19
33.65
32.54
31.66
32.53
32.79
33.25
32.68
33.57
33.90
33.24
33.15
33.73
34.48
34.37
33.73
34.89
32.74
28.11
29.96
29.67
28.26
29.97
30.51
33.67
33.62
35.34
35.89
35.02
34.63
32.43
34.30
30.80
29.11
25.02
33.75
33.53
33.98
34.00
33.94
34.21
34.14
33.99
34.30
31.98
35.26
34.96
35.07
36.50
35.73
35.49
35.11
35.57
28.19
32.40
35.92
35.36
30.74
35.92
35.83
34.50
32.09
29.36
28.38
27.30
27.27
31.40
32.24
35.00
31.02
28.86
31.90
28.95
35.70
33.91
31.73
31.27
27.34
29.62
31.45
29.80
32.05
30.18
30.08
29.24
28.31
28.98
29.80
35.04
31.20
30.24
29.53
29.10
27.03
27.13
28.07
31.09
33.69
27.47
30.26
29.98
31.41
29.75
28.47
30.92
27.63
28.02
29.88
27.46
27.80
27.23
25.97
30.78
30.58
29.27
25.44
26.88
26.57
26.70
31.09
30.32
27.13
27.59
30.36
27.19
29.59
27.57
28.41
27.64
26.88
26.61
30.11
29.38
25.92
28.52
27.59
30.84
26.69
27.46
26.01
28.26
26.04
26.50
27.70
24.30
28.38
24.23
27.98
26.18
26.48
28.68
26.28
29.54
29.45
28.41
25.64
24.02
24.08
25.55
24.97
26.26
24.84
26.37
25.57
26.41
27.70
29.22
26.03
26.72
24.18
25.20
25.25
26.03
24.97
24.17
23.82
27.66
28.59
27.00
25.23
26.81
24.75
25.51
25.59
24.84
24.35
23.51
24.55
24.92
24.36
27.83
25.15
24.06
23.86
26.17
27.26
23.69
25.30
28.05
27.27
26.65
24.89
26.89
27.36
25.10
26.80
26.04
25.74
22.50
22.75
27.20
26.62
27.69
26.06
24.04
24.48
27.27
25.65
23.99
26.61
27.85
23.94
23.56
27.92
28.11
28.47
25.93
26.23
27.83
28.39
29.35
29.14
25.74
24.11
24.80
25.55
25.03
24.76
24.91
25.21
26.14
28.10
29.46
26.27
25.00
25.07
28.65
25.72
22.17
25.19
24.79
23.98
24.54
24.49
24.03
23.43
24.35
24.68
27.32
26.00
23.34
25.35
27.22
27.36
24.37
24.95
27.38
24.95
24.48
25.87
25.51
24.69
23.94
26.42
28.29
25.81
24.43
24.90
27.46
27.48
27.70
27.82
24.74
23.99
25.90
27.76
25.35
23.69
23.63
27.02
26.62
27.79
30.23
29.35
30.16
27.70
31.94
31.89
30.08
25.32
28.70
28.84
29.00
27.97
28.23
24.37
26.75
27.95
30.15
25.47
25.84
28.49
31.04
27.72
27.36
28.46
28.05
28.53
27.99
28.08
29.33
25.80
26.99
28.69
26.33
27.73
26.50
27.54
28.53
27.02
25.45
28.25
29.99
25.61
27.54
27.96
25.60
26.69
27.73
30.98
31.52
30.81
30.23
30.50
30.69
31.27
30.98
32.21
31.55
28.51
27.18
27.12
30.61
26.88
25.58
27.69
27.32
