28.07
27.51
30.14
29.49
28.69
29.75
29.68
30.09
28.08
25.44
27.80
28.58
27.85
29.54
28.97
29.60
27.60
26.66
28.08
28.39
28.48
29.02
29.05
29.12
29.43
29.17
29.59
29.73
30.16
27.38
26.65
25.83
29.47
30.21
30.50
30.73
29.85
30.51
30.37
28.48
27.64
28.37
29.37
28.63
27.34
29.08
27.66
27.84
27.60
27.22
28.50
28.98
30.29
30.01
31.13
30.49
29.34
29.26
25.76
26.17
30.96
30.35
31.22
30.85
28.03
30.09
29.70
30.43
29.91
30.32
28.97
30.59
29.15
30.72
30.11
30.65
29.00
30.68
29.26
30.05
29.17
27.51
25.11
27.66
29.11
30.01
31.02
29.70
30.83
29.42
30.26
31.38
31.04
31.70
31.40
30.99
30.03
27.53
29.98
28.23
27.67
30.07
26.46
30.88
31.50
32.32
32.24
30.21
29.29
29.83
29.90
29.53
30.00
29.18
30.99
29.89
30.17
31.97
28.99
25.83
30.16
30.47
27.77
28.99
25.54
28.13
25.75
26.23
26.89
30.17
28.59
27.05
26.70
26.60
28.57
25.65
29.66
30.50
26.10
28.21
29.50
30.47
28.67
30.69
27.60
26.34
27.90
30.31
29.03
27.08
27.87
25.92
26.36
29.15
26.80
25.03
24.44
25.60
27.86
27.69
25.22
26.55
25.34
24.39
27.84
25.77
26.91
27.03
24.89
25.81
28.12
27.37
26.70
26.34
27.87
28.10
25.27
26.49
26.52
24.95
24.85
24.81
26.26
25.26
27.41
26.16
26.73
25.53
26.02
27.14
26.30
25.91
27.17
27.22
25.73
25.43
26.69
26.01
21.90
26.62
26.09
27.03
27.10
26.44
25.17
24.59
26.53
23.90
24.14
25.22
27.23
25.81
24.77
23.98
25.21
26.26
24.76
24.24
24.30
24.85
25.46
26.33
26.01
26.40
25.02
25.44
25.16
22.72
25.81
26.56
26.13
23.41
24.09
24.31
25.45
26.86
27.07
24.58
23.10
27.83
27.51
25.69
25.11
24.31
23.44
26.54
27.63
27.80
24.28
23.94
23.92
26.96
26.72
25.86
24.34
26.41
25.18
26.09
23.76
24.19
24.19
24.93
24.07
27.16
24.72
24.86
24.36
23.98
25.30
24.49
25.04
27.01
24.72
24.72
26.20
24.47
25.83
27.48
27.38
25.76
25.84
27.16
29.52
25.75
24.08
27.58
26.12
25.36
26.85
25.47
28.31
25.18
26.68
29.20
28.60
28.78
26.07
27.80
28.24
29.85
29.14
30.53
27.28
25.82
26.59
27.48
29.10
25.02
26.86
29.03
29.87
28.03
28.47
28.03
26.77
28.28
27.10
28.32
28.15
28.41
27.03
27.60
28.09
27.71
28.09
27.25
28.72
28.08
27.92
28.99
25.45
28.17
27.92
29.26
28.47
27.75
29.18
28.31
28.47
30.02
27.64
28.04
27.32
28.40
28.96
25.57
27.96
30.06
30.30
29.09
29.21
28.08
29.36
29.26
27.49
29.10
27.32
29.35
28.80
28.37
28.46
28.32
28.73
29.14
28.89
