32.45
32.40
32.81
31.82
31.50
32.10
32.33
32.06
32.90
32.53
32.06
32.03
31.16
31.01
31.66
32.55
32.74
33.05
29.03
24.52
28.21
32.18
33.54
33.40
32.77
31.74
31.00
29.89
29.83
33.94
30.34
27.80
30.97
27.62
26.83
33.12
33.19
33.70
34.41
33.37
34.19
29.34
33.60
33.86
33.71
30.76
29.37
26.05
27.47
26.33
30.12
26.62
24.67
28.83
33.28
29.19
30.72
26.53
26.92
30.42
26.59
27.51
25.93
26.78
33.34
27.40
30.02
27.98
26.46
32.91
34.84
35.08
35.42
35.29
32.34
29.07
34.69
31.93
31.57
33.38
31.48
30.51
28.47
27.69
29.01
29.77
27.72
27.92
30.05
33.64
30.41
26.58
29.48
27.50
31.74
27.17
28.85
30.01
28.53
27.10
32.32
27.89
27.61
28.32
29.24
25.85
27.28
32.55
28.05
28.07
28.93
29.92
30.40
27.91
26.72
26.04
28.72
32.59
34.09
33.21
30.16
26.61
28.10
27.37
28.07
26.57
29.12
26.67
31.24
25.56
28.46
26.43
25.08
25.85
26.59
26.22
30.73
28.79
29.97
28.27
28.02
28.60
27.70
26.91
27.87
31.11
27.10
26.46
24.83
24.34
28.66
24.89
25.43
28.68
30.07
28.57
24.74
25.19
24.79
30.50
27.98
28.96
25.71
26.64
27.56
25.44
25.08
24.10
23.84
26.82
26.61
25.36
24.31
28.36
25.84
23.20
23.54
25.13
24.46
26.40
27.61
27.24
25.37
23.56
24.48
23.85
28.07
26.95
23.86
24.10
28.05
28.53
29.14
28.91
27.58
23.37
23.28
28.36
28.63
25.37
26.59
25.11
23.71
25.41
26.55
25.21
26.66
28.52
25.25
26.86
28.51
25.64
24.45
27.75
27.81
27.99
28.28
28.38
28.27
28.18
28.00
27.20
26.91
25.29
27.74
27.40
26.60
27.77
28.26
27.13
23.61
26.19
28.51
23.66
25.40
26.79
26.27
27.91
27.85
25.27
25.86
28.11
30.22
29.64
24.53
25.05
25.53
27.96
23.68
23.74
24.04
24.14
26.39
23.90
24.00
28.82
28.84
28.74
25.44
26.24
26.71
25.02
23.95
25.07
24.75
24.84
25.53
25.51
24.88
23.68
28.79
27.22
25.12
24.02
26.68
24.87
24.56
25.67
28.04
25.47
24.54
27.96
25.75
24.55
27.99
25.56
27.69
24.92
26.23
24.77
24.19
25.28
27.58
28.34
26.22
26.15
25.23
25.78
26.31
24.26
24.82
27.03
27.67
27.43
29.31
29.03
27.73
27.51
27.97
28.10
27.51
27.73
25.08
25.69
27.77
27.84
32.24
27.39
30.85
33.04
31.89
30.84
28.30
26.16
29.64
26.89
26.43
25.12
26.51
27.26
28.80
27.66
31.58
30.57
29.85
28.48
28.60
29.56
29.74
31.22
28.48
29.02
29.40
27.30
27.40
25.18
26.72
31.24
31.45
32.05
31.60
30.91
32.00
31.82
31.70
31.79
33.11
30.84
31.69
30.02
30.49
31.53
32.07
31.79
31.62
