33.31
33.16
33.45
32.36
32.80
34.22
34.41
34.40
32.79
33.11
34.20
33.53
33.41
34.34
34.20
31.88
26.53
31.49
31.24
32.40
34.10
33.72
34.13
33.70
32.61
27.32
29.98
28.96
28.00
26.06
23.60
27.52
31.32
28.87
31.34
33.14
31.41
29.54
28.91
24.90
25.19
30.39
32.01
32.89
32.57
32.66
32.28
32.39
31.79
31.07
32.36
33.59
28.63
28.20
30.33
29.19
29.05
29.67
29.19
27.37
28.14
27.29
24.63
29.19
28.09
27.39
27.11
25.78
33.01
33.05
28.31
27.92
26.31
30.24
27.66
27.28
28.72
27.98
28.58
27.91
25.66
26.63
27.33
29.22
29.41
28.90
28.20
27.95
30.60
34.26
31.89
29.98
33.09
30.15
27.98
28.45
28.55
27.79
29.57
29.23
29.42
29.47
30.13
33.19
28.73
26.08
27.09
27.72
28.78
26.29
25.51
27.80
26.50
26.81
27.27
28.51
26.26
26.50
28.18
27.36
27.94
28.26
27.31
26.58
29.44
27.90
26.58
30.84
29.03
29.37
28.94
28.75
28.94
29.56
25.48
26.25
26.57
26.95
27.00
28.24
29.08
25.66
27.39
27.46
25.15
28.01
28.95
24.61
26.71
27.36
28.00
26.79
24.26
25.53
25.59
25.09
25.09
26.93
25.29
24.36
25.75
24.93
29.20
24.59
28.94
27.55
26.94
24.73
24.60
29.11
28.39
27.64
26.73
24.51
29.35
26.00
25.38
28.23
27.96
27.52
24.84
25.37
27.06
26.83
24.45
26.19
27.33
27.11
28.76
26.52
23.81
24.62
27.44
27.02
24.82
25.71
24.52
23.87
26.69
24.00
24.84
24.10
25.01
26.47
27.28
24.51
24.63
27.23
27.43
25.27
25.82
24.83
23.35
25.99
25.67
28.28
28.16
24.16
24.70
25.79
25.15
25.03
25.54
25.44
23.65
26.90
24.89
24.81
25.68
28.13
27.49
23.95
27.71
26.22
23.74
23.38
26.57
25.07
24.97
27.69
27.47
24.05
27.21
24.91
27.31
28.15
24.91
24.06
24.46
27.27
23.84
25.18
27.71
23.87
27.19
24.80
23.88
27.61
26.92
24.75
22.61
27.53
25.56
25.48
23.84
25.20
24.07
24.37
24.42
24.62
27.14
23.92
25.64
24.33
26.95
25.01
26.94
25.22
26.57
27.50
27.23
26.99
26.64
25.76
26.27
25.58
27.36
26.02
27.88
25.46
25.67
27.39
29.41
28.25
28.63
25.59
26.91
27.68
30.70
28.65
27.67
28.36
30.73
28.38
27.17
27.27
27.79
27.58
30.35
28.66
31.18
28.97
29.07
28.85
30.27
29.88
30.96
29.91
27.92
27.44
25.13
26.66
29.41
25.74
25.32
27.94
28.78
27.71
28.62
27.49
28.35
28.56
28.16
24.67
23.23
26.37
30.06
31.17
27.64
28.09
25.96
24.29
25.05
25.51
26.59
28.01
29.47
30.85
28.88
28.99
30.10
30.76
31.67
31.37
29.09
31.43
30.03
31.12
29.89
30.79
31.73
31.67
31.96
31.88
32.68
31.93
