32.78
32.54
31.84
33.38
27.54
32.03
32.53
30.55
29.72
32.30
33.14
32.95
33.45
32.22
30.70
29.79
32.89
33.67
26.70
26.40
23.87
27.03
30.89
32.38
33.31
33.76
33.61
33.34
33.52
32.73
33.50
33.02
30.34
29.03
32.75
32.95
33.69
34.58
34.64
34.83
35.38
35.12
36.45
34.81
30.60
26.41
34.57
31.75
32.02
32.99
29.63
28.41
28.31
29.47
29.35
29.38
30.21
28.60
26.69
25.09
26.28
27.21
27.23
31.67
32.61
33.48
33.98
35.05
35.56
35.80
34.36
31.07
34.56
34.79
33.54
27.55
32.63
30.67
33.26
27.36
28.13
27.20
26.99
28.15
28.63
28.76
28.82
28.54
28.64
27.20
26.86
29.37
28.54
28.34
28.95
32.89
29.45
26.53
28.07
26.02
28.10
26.24
29.37
32.76
26.98
25.81
26.78
26.59
26.70
27.02
29.51
27.95
31.39
27.72
30.74
29.01
25.50
27.93
27.17
25.64
31.34
29.54
33.84
32.60
33.72
30.38
26.28
29.65
28.36
29.00
26.20
28.14
27.19
24.76
24.60
25.97
27.76
29.24
26.02
25.99
25.45
28.86
26.22
30.58
26.43
27.72
27.05
27.41
30.84
25.89
26.71
24.61
24.97
29.74
28.02
26.83
24.19
29.18
25.97
25.10
27.59
24.38
26.18
23.87
25.43
26.12
27.16
24.33
26.57
27.84
26.45
29.28
28.83
25.83
26.25
28.47
28.89
28.62
29.23
25.67
24.57
28.08
25.26
24.88
26.72
25.72
26.06
24.35
23.58
24.52
27.90
22.96
22.45
25.01
25.66
23.88
26.98
28.53
27.64
24.37
27.74
24.66
25.72
27.83
27.83
27.96
28.46
27.76
23.95
25.92
25.49
27.59
24.42
27.43
26.74
24.93
25.91
27.30
28.03
27.57
25.92
27.60
24.04
24.88
25.89
26.91
24.24
25.41
24.76
26.79
28.10
26.89
25.77
28.77
24.43
23.93
25.36
26.72
24.49
24.18
27.08
24.04
25.51
24.08
25.96
24.97
24.29
24.18
26.40
25.16
25.28
26.68
27.30
24.84
27.91
24.65
28.57
24.20
23.99
24.44
25.88
24.76
26.78
23.63
25.15
27.53
23.69
24.51
26.08
24.99
25.74
25.69
24.92
25.56
24.36
26.29
24.56
24.80
24.42
26.74
28.12
28.60
24.69
25.96
25.26
25.23
28.58
28.80
26.06
25.49
27.16
29.17
29.33
27.27
26.17
25.07
29.23
27.01
27.39
28.77
27.05
28.44
27.79
28.23
26.02
25.64
26.12
26.00
26.66
27.58
27.43
28.50
25.46
31.04
27.63
30.05
28.06
27.08
27.50
26.72
29.01
28.03
27.95
27.91
29.04
29.84
28.44
31.44
31.32
27.50
27.30
28.37
29.92
27.79
27.46
30.26
32.31
32.69
31.58
30.18
31.20
29.76
29.12
29.81
30.01
26.99
25.40
28.65
27.56
28.94
29.74
28.68
29.64
29.24
30.84
31.14
29.61
27.79
28.47
28.29
28.07
28.51
30.80
32.85
28.93
29.86
