31.37
31.49
31.67
33.24
33.05
31.41
24.23
26.49
32.22
31.02
28.22
31.10
33.21
28.82
29.38
31.06
30.49
24.47
24.26
25.12
31.43
33.41
33.26
32.46
29.54
25.53
31.62
32.74
33.96
33.05
33.31
32.59
34.28
33.04
26.41
33.70
34.54
34.03
34.15
34.21
31.14
29.58
25.51
28.06
27.89
33.42
28.17
31.06
29.23
26.76
30.86
29.83
31.94
29.06
28.26
29.15
28.84
28.33
27.62
28.11
27.48
29.70
25.03
26.64
26.27
30.49
29.57
29.19
25.12
28.69
30.00
29.51
28.58
28.47
26.87
28.18
34.93
28.86
29.41
28.08
28.17
28.97
29.48
29.53
27.20
28.11
28.93
30.40
29.48
27.19
27.86
28.87
27.20
27.84
27.60
29.57
27.95
26.82
29.68
32.37
29.50
29.94
27.36
31.70
28.88
30.07
27.17
26.98
26.36
26.31
27.63
30.27
30.05
29.87
28.52
26.12
26.33
27.53
28.38
29.61
25.65
27.39
27.64
26.22
30.72
28.95
28.20
28.48
30.74
30.58
28.58
30.58
26.00
26.76
28.67
26.24
30.07
28.94
28.51
28.00
25.69
27.00
28.51
30.02
27.48
26.83
28.82
28.66
26.60
24.62
27.73
26.70
26.84
30.06
26.79
24.58
24.07
25.79
25.47
23.87
26.10
28.25
23.69
27.04
26.68
28.81
29.58
28.49
26.93
25.62
28.69
28.55
25.24
27.87
24.46
24.22
25.90
23.43
23.24
22.73
24.30
26.41
23.65
25.92
27.16
27.39
24.43
27.44
27.36
24.38
26.16
26.25
23.74
22.85
24.58
27.32
25.53
24.37
23.65
24.01
23.41
23.70
27.28
26.54
27.62
24.77
23.98
25.42
27.89
27.99
26.34
26.84
23.89
24.20
25.10
26.19
26.75
23.38
27.35
27.85
26.70
28.01
27.54
27.88
27.20
26.21
24.18
25.00
24.90
28.57
25.18
24.17
25.53
26.79
24.18
24.14
27.32
27.45
23.62
23.82
25.55
25.17
24.20
28.81
24.45
22.11
21.36
25.70
25.34
24.64
27.94
27.11
25.03
25.08
24.64
26.48
26.98
24.59
25.19
27.31
24.88
26.29
22.23
23.72
24.47
24.04
23.43
24.85
26.08
26.43
24.20
23.99
24.09
25.29
24.87
25.79
22.48
27.21
29.00
25.23
24.50
25.48
27.36
21.92
25.95
26.83
26.86
25.37
24.86
24.15
23.71
23.93
25.80
24.13
26.01
27.95
25.12
25.89
24.45
25.64
26.13
23.56
25.31
26.32
29.84
26.57
28.35
23.77
25.19
26.47
28.75
27.86
28.93
29.56
31.30
31.11
28.74
26.14
25.30
28.47
27.01
25.54
28.45
30.69
32.38
31.93
31.37
28.11
28.06
30.45
31.85
31.52
31.99
31.76
27.20
30.73
31.41
30.84
27.72
31.41
31.05
31.60
31.79
31.74
31.82
32.14
31.84
32.70
31.64
32.05
32.11
31.59
32.52
32.88
32.94
32.99
31.77
33.05
32.16
32.81
31.07
32.35
33.17
32.75
33.19
