28.51
29.64
31.97
32.20
26.36
25.68
25.43
27.07
28.39
27.86
29.10
24.84
25.78
26.95
26.62
25.93
24.64
30.3
28.62
26.74
26.81
30
27.96
27.6
26
27.71
27.33
30.10
30.35
28.22
29.51
29.15
30.02
27.16
30.84
27.58
30.27
30.36
26.52
31.66
28.61
27.93
24.80
25.87
27.73
26.12
29.68
31.32
27.98
25.74
24.04
26.15
26.09
26.53
30.22
32.90
30.20
28.25
27.83
28.32
24.41
28.03
30.97
30.20
27.65
28.41
25.36
24.31
26.83
31.83
27.11
27.99
27.70
26.15
28.03
29.19
26.20
28.71
28.56
27.01
26.37
25.50
25.63
26.66
28.28
28.13
26.71
30.45
27.78
29.61
32.05
27.81
30.28
25.88
27.92
33.19
28.50
29.03
26.25
28.00
26.89
26.04
26.48
26.64
27.06
27.16
25.65
25.88
28.70
27.73
27.66
27.23
28.32
26.66
27.41
30.99
25.83
26.41
27.19
29.74
30.32
24.42
26.94
30.05
28.38
27.33
27.26
26.64
30.01
27.96
28.29
25.12
28.92
25.73
24.63
27.82
24.59
27.34
25.92
29.20
30.69
25.87
25.10
26.03
26.43
27.76
25.42
25.15
25.20
24.21
24.50
28.10
25.33
24.58
24.45
26.45
28.35
28.18
24.11
25.93
26.95
24.30
24.18
26.20
24.67
25.50
29.13
25.73
24.85
24.52
24.31
23.60
23.99
24.72
28.39
25.80
25.64
25.97
27.52
27.22
27.55
26.54
23.83
26.65
27.54
28.28
27.11
25.35
24.03
27.55
26.93
23.47
27.40
26.92
25.92
24.23
25.99
26.73
27.71
22.35
27.44
25.92
22.12
25.93
27.74
22.57
23.99
25.43
23.63
23.94
23.41
24.59
23.36
23.84
23.75
24.49
25.76
26.82
26.57
27.45
26.38
24.29
24.92
22.51
26.86
23.79
24.52
24.69
25.18
23.57
26.90
24.74
27.34
23.96
25.01
25.88
25.21
23.69
24.51
24.38
23.63
22.19
26.94
23.39
26.40
24.96
26.11
24.65
24.22
25.29
23.87
26.69
25.65
25.61
22.97
23.48
27.33
24.92
24.07
24.64
24.80
26.10
25.79
25.62
24.54
23.83
23.34
24.41
23.36
23.50
22.80
28.31
28.88
27.18
23.68
24.10
23.82
23.82
23.86
24.73
24.22
25.76
28.34
24.10
24.26
27.74
26.86
29.49
26.73
26.77
26.09
25.22
24.30
24.45
24.81
23.63
25.19
24.89
26.67
25.53
23.22
23.80
24.42
23.89
24.86
24.95
27.65
25.90
26.16
26.18
25.44
25.39
24.13
26.50
27.48
30.84
30.74
28.71
24.28
24.99
28.61
26.65
27.64
27.75
24.64
25.68
25.96
24.36
25.85
30.76
29.32
24.71
28.60
28.06
30.25
25.48
24.88
25.35
27.77
28.46
27.77
28.01
26.48
28.18
28.66
26.52
26.77
28.59
29.53
29.86
29.72
30.77
30.36
30.00
28.85
30.52
31.70
32.20
32.14
32.49
31.40
30.10
30.43
31.70
31.56
31.58
