32.42
31.44
31.75
32.15
32.14
32.06
32.29
32.86
33.45
34.03
33.87
33.27
33.59
33.92
33.80
32.87
32.25
30.59
30.40
29.58
32.08
30.42
31.92
32.32
30.70
32.38
31.95
33.19
32.91
32.09
31.32
34.36
33.98
33.30
34.04
34.26
34.82
34.31
34.38
29.86
33.03
33.74
27.55
28.83
31.54
34.40
33.48
34.46
33.22
30.91
34.37
34.87
34.65
34.62
33.85
34.66
34.78
32.70
30.73
28.50
28.23
33.12
30.05
24.66
26.60
31.36
27.20
27.56
27.07
26.02
23.68
26.47
29.58
29.41
26.58
26.94
26.01
29.35
28.87
24.85
28.69
32.31
34.19
33.06
30.28
31.76
33.65
26.73
26.61
29.38
28.05
30.63
32.55
28.24
27.88
28.77
27.36
29.77
29.31
29.49
28.11
29.00
27.98
29.60
26.87
27.11
27.16
24.41
26.90
25.14
28.39
34.01
29.45
29.16
25.87
28.99
28.36
29.39
28.33
29.76
25.88
27.27
25.99
26.95
29.62
32.98
28.16
26.02
29.25
24.50
28.08
23.95
24.39
28.96
31.62
31.83
29.88
30.24
28.55
25.61
26.84
25.43
27.07
24.57
28.58
25.87
27.03
26.47
28.99
27.60
29.50
26.31
27.76
26.07
30.63
30.76
26.79
26.54
27.14
24.36
23.83
29.67
24.53
24.87
24.46
25.79
26.00
25.42
24.46
25.69
24.22
25.42
24.56
24.07
26.88
27.22
24.43
28.74
25.09
24.99
23.20
26.06
26.71
28.03
24.60
23.34
23.81
25.88
27.66
24.34
25.14
23.42
25.39
26.05
24.09
27.43
27.65
24.97
23.58
27.71
26.53
24.37
25.71
25.05
23.56
27.22
23.86
24.62
24.96
26.17
23.90
23.71
27.42
25.05
23.48
23.80
23.54
27.75
26.58
26.03
26.49
23.89
27.57
27.79
25.85
23.52
23.68
25.74
24.72
23.91
24.47
23.74
24.83
23.81
23.37
25.32
22.09
26.54
23.64
22.38
23.79
27.88
23.67
25.97
25.47
24.46
23.77
28.47
24.79
23.93
28.40
24.63
23.78
24.27
26.04
23.33
24.12
25.94
25.17
28.48
25.63
24.04
23.82
24.65
26.01
24.14
25.48
24.57
23.71
25.65
26.95
24.66
23.64
25.23
25.75
23.84
25.12
28.37
24.94
25.42
26.36
25.33
24.92
25.15
26.72
24.51
25.55
24.51
24.43
24.06
26.22
29.97
24.93
25.49
26.00
25.87
25.68
30.21
31.84
28.51
27.24
27.47
28.69
30.39
25.25
27.88
31.49
29.83
28.80
29.26
27.00
31.13
27.14
26.27
28.38
28.41
26.34
30.42
28.59
31.70
30.21
27.79
28.26
31.31
28.84
25.26
27.49
26.91
27.96
31.06
29.85
29.30
29.52
30.15
27.14
26.73
26.77
29.72
28.28
29.47
27.96
28.21
31.85
27.38
26.59
29.53
29.98
29.47
26.11
26.84
30.59
30.55
30.84
28.25
31.33
32.14
31.51
30.99
31.25
30.82
30.11
27.18
27.70
25.70
26.32
