29.80
31.46
30.86
31.24
30.16
29.65
29.86
30.33
31.63
32.07
32.45
33.14
32.83
32.21
33.12
33.45
33.92
34.82
34.31
32.96
34.13
33.20
33.82
33.76
32.92
32.86
32.83
33.02
32.65
32.64
32.57
33.60
33.95
34.56
34.23
33.61
31.10
29.68
28.92
27.60
27.72
28.94
32.13
28.11
26.00
28.73
34.12
31.60
30.54
32.56
29.46
30.83
34.27
34.58
29.66
30.59
29.89
29.10
33.95
29.91
29.43
36.29
35.44
34.98
31.87
34.26
35.53
35.80
35.49
34.11
32.10
32.76
35.46
32.80
30.59
30.94
27.84
31.68
30.24
29.67
26.67
29.26
29.47
30.74
30.71
28.80
28.51
29.56
26.57
27.41
26.26
26.42
25.42
32.94
29.47
31.97
32.10
28.95
27.42
29.50
29.10
33.42
28.72
30.25
32.26
27.34
26.51
25.60
28.08
31.76
33.71
30.69
26.47
25.61
29.04
28.55
25.24
30.22
30.60
29.52
29.32
28.11
28.62
28.30
26.93
28.34
29.62
25.78
26.05
27.36
30.06
26.83
31.36
26.55
26.32
27.49
27.48
27.90
27.03
29.15
28.10
26.67
27.12
27.37
28.36
27.79
26.94
23.85
24.31
26.45
27.24
26.03
26.34
27.33
26.11
25.03
25.37
26.70
24.31
24.91
25.84
26.35
22.82
25.88
25.64
25.48
25.13
24.63
24.75
24.22
22.42
24.66
28.47
24.54
23.89
24.31
25.25
25.20
24.88
25.39
24.87
27.58
27.81
25.72
27.61
26.56
25.44
24.55
25.12
25.59
25.01
23.95
25.56
26.16
25.85
24.71
27.47
27.82
27.13
27.48
25.30
24.53
25.76
25.60
27.10
24.64
25.51
24.85
27.25
28.31
24.89
25.89
28.33
28.44
26.92
27.65
27.20
26.04
25.38
25.15
28.13
28.15
26.78
22.14
27.15
26.72
25.01
25.67
25.49
24.27
27.15
25.63
25.27
26.95
27.41
27.97
27.61
27.10
27.05
27.53
26.18
21.96
27.40
28.17
25.56
26.97
25.55
24.51
23.31
27.70
27.40
24.68
24.04
24.90
24.08
24.24
24.58
27.47
23.84
24.21
24.82
25.35
24.49
24.45
25.87
24.47
24.82
24.61
24.78
26.55
22.49
24.95
26.12
26.17
24.31
25.30
26.88
25.88
29.43
29.70
27.46
26.55
28.32
28.39
26.37
26.13
25.78
27.29
29.95
28.55
27.00
26.56
28.05
26.54
28.60
28.09
27.80
30.20
29.81
32.74
29.68
28.27
26.30
29.41
31.28
30.61
28.97
26.76
30.18
26.68
29.84
28.05
28.25
27.05
29.16
26.54
25.21
24.87
25.29
26.71
29.63
28.34
28.39
28.98
28.60
27.26
27.09
28.00
28.86
26.83
26.88
27.00
28.85
26.69
23.66
24.66
23.62
24.06
26.38
27.71
27.26
25.77
27.75
26.41
24.08
26.67
26.43
26.08
25.89
26.74
25.88
25.47
27.98
25.07
25.87
28.02
24.97
30.13
29.09
26.87
27.59
28.27
29.50
27.52
30.11
