31.89
29.81
28.59
31.80
31.67
32.58
32.29
33.31
33.77
32.57
32.00
32.58
33.23
32.61
32.31
32.52
34.39
33.70
32.54
33.65
33.63
33.29
33.62
32.31
31.85
32.44
33.53
34.35
34.69
33.39
33.22
32.92
33.17
33.49
34.33
34.19
34.08
33.10
32.24
32.90
33.12
27.82
30.12
33.92
34.25
35.00
34.41
33.25
33.56
31.35
29.33
29.54
33.80
34.54
34.47
36.00
35.33
28.24
27.34
25.71
25.69
27.27
27.38
30.24
30.00
29.33
29.53
27.46
26.44
26.68
27.12
27.38
25.58
27.60
31.23
25.72
26.90
29.94
27.04
27.61
24.94
25.56
26.49
33.48
30.82
32.77
32.71
34.07
31.50
28.61
27.68
28.90
28.27
29.63
28.96
30.04
33.70
28.10
29.62
28.94
30.14
28.32
25.60
32.37
33.20
27.60
28.91
26.74
28.06
24.96
24.93
27.22
29.02
29.28
30.16
26.34
26.29
25.27
26.60
30.41
24.69
25.60
28.93
29.81
27.54
28.13
25.95
28.89
28.57
31.04
27.53
29.26
25.34
27.48
28.62
31.00
28.93
28.25
29.51
31.57
30.91
30.05
27.63
25.23
31.85
27.70
26.23
28.02
27.36
28.36
25.03
28.63
24.89
24.58
25.98
26.26
25.66
24.50
27.46
26.22
29.86
27.89
24.51
28.46
27.90
26.92
26.40
25.10
28.08
28.51
24.25
26.07
30.48
25.55
25.08
24.94
26.02
29.94
31.36
28.11
25.05
25.05
25.31
29.21
23.68
26.15
29.58
28.31
25.44
25.23
25.80
26.78
25.11
25.25
25.91
27.76
26.26
24.27
27.20
28.35
23.91
25.66
27.36
24.43
24.16
24.69
24.37
25.76
26.44
26.02
25.12
25.55
26.50
24.97
25.44
25.18
25.25
24.45
24.96
24.23
24.93
28.84
29.01
25.28
25.91
26.33
23.91
25.77
24.37
24.53
26.51
24.28
24.06
24.82
23.87
24.87
23.66
24.65
26.40
28.56
26.63
24.00
26.44
25.86
26.61
24.12
29.70
24.07
24.71
23.97
27.96
24.50
25.78
26.20
24.70
24.32
25.44
25.14
25.35
23.63
29.58
28.06
25.42
25.75
25.83
26.31
26.17
26.95
26.79
23.88
24.13
26.21
24.64
24.85
28.91
23.56
28.55
28.28
25.65
26.06
25.20
29.51
27.45
25.93
27.27
24.56
27.62
25.05
23.95
25.70
28.40
27.29
25.62
24.16
25.10
29.08
27.11
24.69
23.77
25.18
29.52
28.57
27.31
24.88
26.44
25.12
24.56
23.63
25.12
25.35
26.49
25.99
28.11
27.53
30.34
31.38
30.99
30.92
30.54
28.34
32.16
31.36
31.35
32.27
31.48
31.65
30.04
31.24
27.69
28.94
30.55
29.79
26.05
31.49
29.46
26.22
25.18
29.22
26.65
25.58
25.40
27.57
28.30
26.08
24.76
24.96
27.70
27.66
29.57
26.29
29.24
28.50
26.78
27.70
25.67
23.25
24.45
27.95
28.35
29.29
30.27
31.10
31.55
31.63
30.09
