30.90
27.00
27.89
26.99
30.99
28.72
29.08
31.16
30.24
27.22
24.38
24.82
26.02
27.73
29.62
30.55
29.09
24.80
25.77
25.33
24.70
26.09
25.93
24.27
27.59
28.53
29.20
27.57
31.31
32.36
32.95
31.35
30.24
29.87
26.70
27.62
25.94
26.92
26.41
27.89
26.60
27.05
29.77
27.46
28.40
25.78
25.68
29.22
28.74
26.93
25.85
27.11
28.47
31.65
32.60
31.16
27.02
32.02
28.89
26.95
29.04
27.83
29.28
29.88
28.51
27.02
26.69
25.42
26.52
26.29
26.55
28.18
30.61
25.77
31.45
28.52
27.00
27.12
24.42
29.66
26.83
26.84
27.05
25.52
26.43
27.51
27.91
26.11
26.87
27.26
28.27
27.42
28.25
28.62
26.97
31.77
28.25
27.83
27.58
25.83
30.67
28.11
27.35
27.67
27.13
26.60
26.42
25.80
28.87
31.52
26.31
27.43
28.08
26.54
29.82
27.55
29.64
26.04
28.02
24.01
29.31
26.00
27.06
29.69
25.02
25.47
21.68
23.75
24.42
26.42
25.64
28.30
24.95
24.30
26.80
28.33
27.34
24.91
24.76
24.19
25.39
25.82
26.88
27.15
24.27
26.10
28.87
29.92
30.65
28.11
24.59
25.44
24.66
29.16
24.85
24.77
25.72
25.03
24.17
24.23
21.74
28.91
27.46
24.88
24.35
23.43
25.73
27.45
29.26
23.54
25.73
25.17
24.50
24.57
24.97
24.72
23.48
24.76
26.01
28.21
26.53
25.45
25.22
24.99
28.10
28.60
28.32
27.96
26.79
25.55
25.41
25.22
24.95
23.12
26.61
27.75
24.38
27.76
28.15
25.73
26.07
25.69
24.43
23.26
27.69
23.46
24.16
23.74
25.96
28.16
24.85
25.03
27.30
25.30
23.96
24.63
28.51
23.78
27.41
26.23
23.08
25.40
27.72
24.19
27.57
24.85
24.93
28.44
26.22
28.71
28.70
28.06
25.76
25.02
27.93
24.68
24.65
27.14
27.81
24.88
24.41
27.08
25.79
28.62
28.50
25.44
27.36
25.74
22.78
23.64
28.95
29.00
25.14
24.02
29.15
25.49
24.02
24.30
25.88
27.28
27.11
25.60
25.35
23.76
28.67
23.98
24.35
25.77
29.39
28.48
23.65
25.81
27.62
27.23
28.55
29.56
29.02
28.85
24.92
29.89
30.08
30.93
27.37
30.74
31.81
27.50
26.24
30.64
32.21
31.10
31.25
30.48
30.67
29.79
28.38
27.12
31.54
30.71
30.48
28.77
29.43
28.54
29.16
30.91
29.86
30.53
30.34
29.03
26.79
28.39
26.08
30.27
25.81
25.37
28.20
24.34
24.75
26.42
28.13
28.17
28.23
27.38
26.37
28.54
29.65
28.75
30.98
30.98
29.44
31.63
30.68
30.65
28.93
28.49
27.47
27.34
29.51
28.60
29.29
29.51
28.79
31.19
30.19
