28.99
28.56
31.53
31.61
31.28
30.99
31.51
32.78
33.25
32.30
32.45
32.59
32.84
33.50
33.58
33.29
32.28
34.13
33.11
33.74
33.75
32.36
27.25
34.90
35.05
34.76
33.53
33.21
31.29
33.49
28.77
28.10
30.99
31.31
32.82
32.72
25.67
28.47
31.87
33.87
31.30
30.15
28.70
27.41
29.16
33.13
33.66
34.88
32.22
32.92
33.67
32.96
32.18
29.12
31.51
32.03
33.15
34.65
33.75
34.18
29.44
25.91
32.11
28.33
27.34
27.10
30.93
26.72
27.56
25.94
28.88
27.40
29.11
24.95
31.18
31.60
28.47
24.72
25.83
27.88
32.98
31.21
28.22
26.62
24.62
26.53
27.93
33.24
33.14
30.23
33.14
26.71
27.46
31.08
29.99
27.75
26.53
31.17
26.78
30.60
27.69
27.77
27.65
28.40
28.59
34.15
31.25
28.31
27.95
27.51
25.36
26.67
29.15
29.59
29.23
29.58
29.49
28.24
25.19
28.10
27.08
27.26
31.19
27.60
28.27
26.16
29.40
25.91
25.54
25.76
26.70
27.33
26.18
26.14
25.69
26.78
26.61
25.13
24.80
24.53
23.23
24.29
26.83
27.13
27.75
25.06
25.00
26.74
28.47
28.03
26.58
26.51
24.43
24.46
25.32
25.85
27.21
25.70
23.94
23.82
24.39
25.32
24.99
27.23
24.90
23.35
24.88
24.22
26.26
24.65
24.55
27.52
26.69
26.12
27.92
28.37
26.54
25.18
25.17
26.93
26.24
28.24
28.64
27.32
24.79
24.82
25.19
23.41
26.18
27.40
24.40
26.71
24.36
24.45
23.59
24.48
23.80
25.38
23.42
24.42
24.00
25.39
24.98
24.80
24.76
25.75
26.86
24.89
25.39
24.34
26.76
24.22
24.75
26.89
27.50
25.72
24.37
25.27
27.50
25.91
23.92
27.34
27.76
25.41
27.75
26.04
26.82
26.83
23.75
26.12
28.23
27.36
25.73
26.12
26.69
27.93
26.80
27.88
25.85
25.16
27.76
26.30
27.86
26.47
26.78
23.79
24.15
27.42
28.19
22.94
25.56
27.63
24.31
23.21
26.02
24.80
25.19
23.83
24.33
27.26
23.78
22.64
24.25
22.80
23.36
23.60
24.33
26.89
25.37
23.79
26.44
25.06
25.05
23.14
24.88
25.65
24.12
26.47
26.69
25.74
26.24
26.04
23.54
24.19
23.71
23.89
26.97
26.84
25.65
26.94
24.44
24.28
28.09
24.22
25.65
26.06
26.09
27.23
27.78
28.64
28.44
28.27
26.52
27.27
25.20
30.01
29.44
29.25
28.09
27.45
24.06
26.47
23.59
24.04
26.57
24.85
26.49
27.12
27.54
29.90
27.17
25.28
29.36
26.28
26.60
27.95
30.69
31.19
30.27
31.83
32.49
31.80
31.84
31.78
32.00
32.20
31.90
31.66
31.65
30.10
29.45
31.17
31.38
30.70
27.36
26.73
27.15
28.74
29.24
26.34
29.92
29.41
30.40
28.47
29.33
30.88
30.60
31.12
30.60
30.94
30.44
30.12
29.03
30.12
28.04
26.21
