29.56
30.98
28.94
31.13
29.22
34.64
29.03
30.41
27.26
27.20
28.22
26.80
27.38
29.38
29.90
28.66
30.71
28.37
28.06
29.14
26.62
31.54
25.73
28.34
27.96
29.61
33.95
33.51
34.58
28.26
30.74
27.03
29.75
29.45
29.76
28.23
29.59
28.00
26.51
29.84
29.73
26.76
27.30
28.26
27.08
24.96
31.43
32.62
28.83
26.98
29.80
29.67
27.38
29.39
31.51
28.39
28.22
33.07
30.57
26.67
27.32
31.32
28.67
29.42
28.73
25.46
26.19
26.58
25.54
24.89
26.23
27.63
27.21
28.16
30.24
28.94
27.90
28.53
31.26
28.43
31.40
32.98
27.35
30.27
28.95
32.17
28.59
29.45
27.90
30.13
25.86
22.30
26.47
29.58
24.24
24.83
24.30
27.28
29.89
27.16
25.49
26.08
26.57
25.85
24.06
28.97
24.70
26.81
27.35
29.40
24.90
25.69
28.70
26.96
24.42
24.99
24.07
24.34
24.42
28.48
29.15
24.17
25.88
25.75
27.73
27.16
28.18
23.45
27.41
27.11
23.18
25.28
28.28
27.74
27.24
25.27
29.48
28.45
25.67
24.10
28.32
27.99
24.37
28.14
27.28
27.36
24.67
27.00
28.28
27.72
24.47
24.55
26.98
28.04
27.57
28.39
27.84
25.92
27.79
27.61
23.62
27.42
27.16
25.67
23.44
24.13
27.20
27.64
24.21
23.84
25.06
27.34
26.48
26.80
27.92
27.07
24.87
26.07
26.39
24.47
26.99
24.20
25.53
28.24
25.89
26.61
28.42
29.13
26.43
23.40
28.82
24.87
25.52
26.08
26.99
25.55
25.85
24.85
24.86
24.69
27.94
28.40
28.46
24.65
25.19
27.55
25.37
25.66
27.26
25.66
24.00
26.13
24.91
24.49
25.57
26.34
25.88
26.79
23.82
26.33
23.85
24.03
26.04
23.48
27.31
27.42
28.79
27.22
26.73
25.43
28.36
28.02
26.48
27.26
23.76
25.36
29.39
28.86
27.38
27.44
29.20
26.27
27.72
24.80
29.53
24.24
28.21
28.57
25.59
23.73
28.40
29.91
31.60
30.08
29.03
30.35
30.52
28.25
29.43
29.50
28.51
28.02
29.80
27.14
26.61
28.08
29.13
28.42
28.99
24.17
25.89
26.27
28.55
28.51
28.52
27.44
28.33
27.92
27.53
25.58
28.28
27.44
27.20
27.56
26.06
27.78
27.39
28.22
31.67
32.09
32.01
30.21
31.42
29.80
31.49
32.90
31.87
32.48
31.75
32.02
29.84
30.22
28.30
29.60
31.93
32.28
