28.64
27.95
30.80
31.31
27.79
29.13
27.67
30.13
29.93
27.45
26.94
29.07
27.42
26.32
27.87
29.16
27.77
30.66
30.38
30.61
31.32
31.46
30.22
31.27
32.19
30.07
29.27
31.68
27.77
29.11
27.07
27.52
32.24
31.82
32.59
32.16
31.86
32.55
32.45
32.56
32.39
33.18
32.23
31.49
32.88
28.83
29.67
27.41
30.98
32.72
33.43
31.46
29.57
29.68
28.78
29.40
28.01
29.61
30.65
27.73
28.56
31.88
26.82
28.92
28.87
27.64
28.50
26.35
25.58
28.63
25.94
26.18
28.30
25.79
25.11
26.60
27.80
28.89
25.70
30.60
26.53
22.98
31.03
34.00
32.57
30.41
28.30
29.93
32.88
30.43
27.50
26.91
25.49
26.17
30.39
28.41
27.94
27.24
26.66
26.92
27.71
27.25
27.40
29.10
27.39
26.56
25.81
27.83
27.52
25.27
27.39
27.30
27.60
26.77
25.66
25.02
25.08
27.95
26.04
29.38
27.02
28.76
26.45
26.31
26.78
30.43
25.78
25.88
28.77
25.63
27.97
29.98
26.18
24.90
28.39
29.71
27.66
28.51
28.14
26.82
29.75
25.91
26.07
26.61
25.11
24.01
24.47
29.93
27.85
26.31
23.41
27.72
27.09
24.22
26.84
24.65
26.14
25.36
24.59
26.88
28.66
26.70
24.29
25.79
26.42
28.61
25.52
23.08
26.02
26.52
22.89
24.07
25.85
24.84
24.83
24.23
24.30
28.21
24.61
28.00
24.80
25.76
26.31
25.32
24.47
25.07
23.82
24.88
24.14
25.52
26.11
21.42
25.89
28.51
24.15
22.38
24.08
23.96
23.37
24.55
23.77
23.56
23.74
27.57
24.21
24.68
24.83
22.69
26.55
24.73
23.24
23.79
23.68
24.56
23.32
23.97
23.75
25.71
24.45
26.25
25.28
23.60
25.73
26.27
23.81
23.37
24.47
23.71
25.89
24.42
24.48
24.24
23.39
27.96
24.08
28.15
24.02
24.84
26.61
28.79
25.33
23.68
24.49
23.79
27.54
25.63
24.13
23.84
27.33
23.91
26.24
23.72
25.40
25.48
26.34
24.61
24.36
23.80
26.54
24.40
24.31
24.87
24.44
22.54
24.56
26.49
25.35
28.60
25.61
23.67
22.66
24.26
25.12
24.07
24.90
24.25
24.97
24.25
25.58
24.29
24.46
25.54
24.56
27.59
25.50
26.51
24.14
28.08
25.41
23.34
30.91
25.47
27.22
25.75
26.42
26.89
25.96
26.99
31.05
29.46
26.34
29.70
26.07
26.14
31.92
28.75
29.86
29.59
29.77
26.75
25.20
26.19
28.66
29.62
27.07
27.60
25.96
25.86
26.67
26.92
26.41
30.38
28.45
29.76
30.12
29.32
30.49
31.94
28.36
31.56
28.70
29.20
27.22
26.65
29.05
29.72
28.27
29.68
29.05
30.55
28.21
30.48
30.91
30.96
30.68
31.27
31.35
31.27
32.16
32.30
31.40
32.44
32.59
31.46
32.00
31.84
31.95
31.21
29.36
23.95
25.85
28.19
31.48
32.51
32.03
