32.16
32.71
32.92
32.81
29.11
33.02
33.10
28.06
27.98
25.02
25.34
25.27
29.82
26.70
27.00
31.30
31.80
33.08
32.90
32.11
33.02
31.55
27.30
26.88
26.30
28.70
29.25
26.43
29.37
28.45
25.02
26.65
29.13
32.72
32.37
31.66
31.70
32.15
32.98
33.15
32.66
32.48
33.54
32.84
29.16
32.09
32.20
30.00
29.62
30.79
30.55
29.03
28.62
27.34
30.91
31.04
27.62
25.83
28.17
26.97
33.04
28.77
28.69
27.78
28.04
31.53
29.34
27.56
27.36
28.44
28.22
28.84
26.80
26.81
28.51
27.52
26.85
27.06
27.18
26.61
27.21
27.36
25.65
25.97
27.45
27.31
27.99
26.64
26.72
25.54
24.38
26.40
26.32
24.34
25.08
25.45
26.55
27.62
26.57
25.68
27.38
28.74
27.59
25.14
28.49
27.88
25.95
26.25
24.71
26.67
29.59
28.66
31.38
28.88
24.74
25.68
25.69
28.13
26.03
26.00
26.13
24.62
28.11
29.75
26.87
25.95
25.21
25.18
27.51
29.57
27.41
25.04
26.55
25.83
26.03
25.97
26.26
29.63
29.30
27.67
27.16
27.68
29.68
27.61
29.88
27.41
26.51
24.21
26.26
25.89
24.89
25.62
24.76
27.55
27.85
25.11
25.07
26.42
25.52
25.31
25.79
24.08
24.93
25.70
25.06
27.63
25.23
24.63
27.19
27.61
26.44
27.15
21.66
24.87
25.96
24.87
24.24
24.75
24.73
25.76
24.85
23.62
23.66
23.86
23.22
22.85
24.11
23.02
23.25
25.76
24.85
23.03
24.15
24.48
23.53
22.61
26.59
27.87
27.90
23.78
23.74
27.17
27.45
27.44
25.05
23.98
25.29
23.94
23.79
24.13
23.76
24.87
25.80
23.74
23.26
24.90
24.82
23.82
23.56
23.59
24.71
23.90
25.46
23.64
24.68
23.34
24.18
23.78
23.49
24.64
24.80
22.96
23.66
25.10
24.74
23.28
24.45
23.81
24.24
25.47
26.90
23.97
24.49
27.15
24.98
24.41
24.61
26.91
23.90
24.43
26.95
25.28
24.63
23.44
26.99
25.17
23.43
26.03
24.86
24.43
25.64
26.85
24.85
24.64
27.72
25.91
26.35
25.52
23.58
27.41
24.84
25.45
26.55
27.97
24.05
25.34
27.39
25.76
24.46
27.81
29.47
26.62
25.67
26.44
22.48
24.99
26.82
25.89
24.32
27.23
30.75
30.93
28.03
30.80
28.64
27.57
28.67
28.36
29.33
27.07
27.49
27.05
23.54
26.29
29.07
31.57
30.10
27.59
27.06
26.29
24.53
24.45
25.81
27.55
27.10
27.32
29.86
28.56
32.20
29.87
24.65
24.18
29.98
29.44
30.38
28.51
28.10
26.66
28.11
29.54
27.84
28.33
29.37
26.75
28.11
28.31
31.21
31.00
31.03
31.75
31.85
31.62
32.10
29.90
26.49
31.51
31.39
30.81
30.52
29.58
29.17
31.06
32.10
31.69
31.05
31.69
31.90
32.93
31.61
29.51
31.04
28.54
32.21
32.26
32.54
