31.37
31.74
32.25
32.56
32.93
31.65
32.92
32.52
31.71
30.48
29.32
26.72
25.24
26.51
29.98
31.81
32.26
32.37
32.11
32.63
31.34
30.63
30.95
28.45
29.81
31.99
32.11
31.71
32.65
33.51
34.11
34.11
34.58
33.92
33.00
33.54
33.52
33.36
33.14
31.63
29.93
30.27
28.58
29.35
25.76
28.17
28.26
25.67
32.09
34.07
33.63
34.43
29.25
28.00
28.95
31.76
30.31
28.43
33.18
33.18
29.30
33.51
28.85
32.65
34.36
33.88
34.42
33.68
34.90
29.08
29.18
26.14
34.40
34.70
35.21
34.24
31.50
29.51
28.77
32.37
28.90
28.07
30.11
29.28
30.94
31.94
35.56
26.80
27.78
30.14
31.07
27.76
28.86
28.62
29.49
25.24
26.24
25.41
29.16
30.61
27.71
29.85
27.63
29.87
27.26
29.92
25.61
29.17
24.23
32.72
30.25
31.54
30.62
33.00
31.16
32.79
27.69
28.91
29.71
27.76
29.36
33.87
31.47
32.85
27.93
28.56
30.17
32.64
28.62
30.66
27.15
27.13
31.58
32.53
30.98
28.20
27.20
27.13
25.66
27.60
32.00
28.97
31.19
25.73
25.68
30.58
26.50
27.48
24.84
24.42
24.63
23.68
29.51
30.94
27.53
24.06
24.53
24.29
24.89
25.13
27.50
24.43
25.46
29.29
26.55
25.74
25.65
26.18
25.93
27.47
25.71
23.92
25.36
25.03
27.11
26.31
24.17
29.42
28.22
23.43
24.49
28.15
28.53
27.63
26.86
27.04
28.59
28.95
27.20
28.64
29.38
25.29
28.35
25.65
25.43
25.35
28.01
23.57
23.56
27.22
26.13
25.65
26.63
27.50
28.54
28.87
28.29
24.76
26.97
28.11
26.27
28.48
28.24
28.80
26.91
26.79
27.56
25.62
28.06
29.12
29.13
28.88
27.07
24.08
24.67
24.24
24.69
24.03
26.15
28.02
24.26
23.49
25.24
27.86
26.17
24.34
28.23
29.29
25.67
28.01
28.91
26.09
24.84
24.66
25.21
25.42
22.26
23.31
23.72
24.46
27.64
28.32
24.55
25.12
25.80
23.66
26.16
27.23
27.08
24.89
25.09
23.77
24.81
28.69
24.15
23.62
24.39
25.59
28.77
25.84
26.76
27.31
25.34
29.18
25.38
24.15
26.19
24.72
27.78
26.03
24.67
27.50
26.06
26.68
27.02
25.09
24.30
25.11
23.73
24.61
24.94
28.29
29.41
26.78
26.75
27.58
27.57
28.67
26.75
28.97
25.52
27.40
27.98
27.41
27.38
25.54
24.61
25.54
29.58
27.09
26.93
25.39
26.54
25.02
27.34
29.54
27.94
25.30
27.42
28.59
27.17
26.38
28.01
27.61
31.18
32.20
31.76
27.55
27.45
29.11
30.40
29.22
27.93
27.40
27.35
28.63
26.15
28.08
27.41
27.82
26.84
30.98
31.48
31.15
28.50
31.88
27.71
26.30
26.38
28.53
30.02
28.08
31.24
31.10
31.09
30.73
31.42
31.06
31.89
31.34
31.44
31.22
31.25
31.85
32.84

