28.60
29.11
28.95
28.83
27.55
27.63
28.44
28.97
29.57
28.78
28.31
28.23
27.95
28.93
29.95
30.09
30.22
30.33
29.37
28.68
29.10
29.84
30.30
29.07
28.75
27.45
28.34
30.26
29.26
30.02
27.83
28.86
27.86
28.08
29.67
28.85
28.64
26.95
30.23
30.34
30.76
29.37
28.32
29.40
30.69
29.15
28.84
26.99
28.97
27.07
28.74
26.70
23.60
30.32
30.79
30.83
30.74
26.71
30.28
31.31
31.46
30.53
29.98
30.31
30.88
30.64
30.70
30.20
28.29
30.00
30.11
27.49
29.74
29.11
30.60
30.36
25.53
31.21
30.52
26.82
30.17
31.44
29.12
30.37
30.30
29.44
31.37
29.89
25.68
28.70
29.72
30.65
32.04
29.72
28.53
30.69
28.46
31.62
31.40
30.89
29.06
27.10
30.87
30.80
31.11
30.70
31.10
30.63
31.90
31.48
31.74
31.84
32.08
31.03
31.46
31.54
31.03
31.17
29.37
30.45
31.29
32.13
31.37
30.73
29.03
29.49
30.47
31.35
30.18
30.01
30.13
27.73
30.49
29.40
29.47
31.40
31.85
28.87
30.71
27.86
26.63
28.92
27.74
29.15
30.71
27.80
27.55
28.81
29.77
30.07
29.18
30.32
25.51
28.75
25.91
27.90
26.78
28.66
28.63
27.74
24.71
28.92
29.03
28.67
27.06
25.21
27.06
25.81
28.25
25.95
25.28
27.93
25.01
27.43
27.65
27.85
27.68
27.21
24.02
23.99
24.54
27.63
27.32
25.88
27.46
27.38
27.34
27.56
27.74
24.02
27.05
26.82
27.03
25.64
27.09
25.70
24.62
26.52
27.11
24.88
26.29
26.72
26.65
26.86
27.03
26.79
26.67
26.70
26.09
26.05
27.11
27.32
27.62
26.79
24.82
25.85
26.72
26.86
27.24
26.10
27.21
25.86
27.43
27.06
26.46
25.19
24.84
27.14
27.66
25.10
26.61
24.96
25.24
27.25
26.74
24.53
27.42
26.55
25.36
25.17
27.30
26.94
27.34
25.92
26.92
27.10
27.90
27.04
22.64
27.67
26.65
26.50
26.71
27.73
25.95
28.18
26.96
24.90
24.66
25.49
25.50
26.87
27.25
26.17
25.17
25.22
24.88
24.20
25.87
27.66
23.38
25.27
25.00
25.20
28.47
28.27
27.31
25.65
24.72
23.79
28.89
25.77
27.14
28.39
26.96
26.70
26.15
25.69
27.21
26.71
26.57
25.60
24.78
26.73
26.19
27.38
29.63
26.89
27.96
27.89
27.77
27.58
28.40
25.38
27.75
28.30
30.97
29.16
29.38
28.98
25.19
28.16
26.20
26.90
28.13
28.88
30.90
30.61
30.15
30.22
26.54
30.82
30.36
31.21
30.05
29.16
29.69
28.61
30.31
28.21
29.06
28.36
28.48
30.24
29.79
28.84
27.93
30.86
30.13
30.34
30.60
30.48
29.93
30.00
30.61
30.26
29.63
28.17
29.28
28.07
28.16
28.29
27.64
28.47
29.45
29.71
29.36
28.98
28.65
28.13
28.69
29.44
29.60
29.68
30.02
