32.71
31.45
31.99
31.34
31.79
31.07
31.47
32.36
32.02
31.90
26.02
28.02
28.24
28.16
27.53
30.16
31.19
31.99
31.98
32.28
32.70
31.90
31.60
32.15
31.58
31.35
25.12
32.98
32.51
32.09
28.74
27.65
28.57
27.70
26.86
30.38
28.66
27.95
29.36
27.04
29.30
27.68
26.06
26.87
26.38
28.61
31.37
29.33
29.22
25.31
24.63
27.79
24.73
32.66
28.49
31.71
28.41
27.28
30.33
28.33
29.29
28.38
24.79
28.25
30.45
28.27
29.07
27.03
26.76
25.19
25.36
26.90
29.13
27.22
27.58
30.35
28.46
26.16
25.26
26.28
29.22
33.65
30.40
25.62
26.16
25.78
25.89
26.85
27.19
29.53
25.85
26.80
27.34
25.44
28.08
28.18
31.14
28.03
28.86
29.45
28.29
30.09
30.14
30.45
29.28
27.69
24.86
26.96
25.18
25.47
25.00
24.86
26.11
29.09
27.27
25.87
29.21
26.72
23.40
26.16
26.67
24.98
25.88
25.85
25.20
31.43
29.60
26.60
25.40
23.21
27.72
27.60
25.01
27.50
30.03
30.87
26.63
27.45
27.24
24.13
23.13
23.19
25.12
24.62
28.35
25.34
24.43
24.63
27.95
25.36
24.94
25.90
28.91
27.87
26.80
30.61
25.87
24.71
24.40
25.14
25.17
25.02
25.90
27.87
26.42
28.40
25.50
27.86
24.37
23.88
24.41
24.48
25.13
24.30
23.20
24.26
28.17
25.68
26.36
26.43
26.10
26.90
27.72
26.86
24.48
21.55
26.02
25.67
23.29
23.56
23.40
24.36
27.17
27.55
25.29
23.64
24.14
23.65
25.06
26.91
26.80
21.27
26.04
25.58
26.16
24.56
26.28
26.55
24.31
23.76
24.53
27.23
26.57
23.19
24.56
24.69
23.66
25.46
27.18
27.08
25.51
25.75
25.16
24.59
24.68
27.38
26.81
22.30
23.35
23.00
25.63
28.22
26.73
27.24
26.42
25.42
22.21
27.61
27.29
24.29
27.72
26.35
26.94
23.25
24.06
23.66
23.84
23.96
28.28
27.44
23.64
24.17
25.61
24.36
24.06
23.62
25.87
24.04
27.28
24.47
24.71
25.45
23.77
23.61
25.23
24.55
25.72
24.87
25.97
24.89
26.58
26.17
26.41
24.11
25.03
25.69
24.35
25.39
25.38
26.39
25.05
24.03
26.43
26.02
24.68
24.01
24.80
24.07
24.82
26.36
27.63
28.04
27.38
28.66
26.82
26.36
25.15
23.69
24.03
24.05
26.59
27.72
26.62
26.94
26.96
30.32
26.62
26.97
28.56
29.26
29.15
26.39
26.13
29.40
31.14
27.90
26.72
31.21
29.07
27.25
31.72
31.79
29.05
27.20
30.10
30.50
29.91
31.56
31.75
31.21
30.97
28.14
29.81
28.64
30.59
28.72
31.17
30.70
28.84
28.72
27.44
24.87
30.86
30.70
27.52
29.32
24.38
27.02
29.50
29.03
26.99
28.10
28.04
29.43
26.69
28.76
27.19
29.19
29.05
27.07
28.99
25.84
27.26
29.23
29.98
