29.80
27.08
28.93
29.47
30.99
31.10
32.10
32.72
31.60
31.40
32.22
29.67
31.75
32.12
32.60
33.03
33.08
33.19
33.74
32.95
33.81
34.04
34.36
34.84
33.54
32.59
30.09
31.96
34.00
31.32
29.62
28.38
28.02
29.27
33.63
30.73
28.90
28.96
24.49
28.38
30.83
32.91
31.14
32.09
30.16
28.86
27.53
25.29
25.59
25.37
27.56
30.76
31.60
30.95
28.89
27.24
24.45
24.23
27.54
26.84
25.50
26.16
31.32
31.27
27.72
24.53
26.77
28.32
28.47
25.47
28.67
32.80
31.96
31.78
25.52
29.05
29.36
26.18
26.82
28.93
29.37
29.65
26.33
28.61
27.19
25.67
26.11
27.38
27.65
29.29
25.01
27.60
28.54
27.96
28.69
32.91
29.39
31.54
28.50
28.03
27.91
27.56
27.03
29.67
28.19
33.48
32.70
28.38
28.31
27.58
27.95
28.59
30.66
26.84
28.93
25.74
26.15
25.93
28.06
32.19
25.84
25.50
25.62
27.10
27.35
26.45
28.52
28.12
26.69
25.46
25.63
28.35
28.46
26.68
25.59
31.71
24.58
26.96
28.04
25.68
24.79
27.08
27.18
25.46
26.71
27.37
30.56
29.30
29.29
26.84
25.31
27.05
29.01
26.11
29.07
28.16
26.62
25.39
28.47
24.51
28.28
23.80
28.12
25.59
25.97
24.87
27.75
26.22
27.93
26.83
25.04
26.13
25.05
27.08
29.10
28.66
27.91
29.17
29.96
28.77
28.89
25.23
23.70
23.90
22.98
27.20
23.96
25.07
26.02
23.65
24.39
23.93
24.11
22.95
26.45
25.92
26.38
25.56
26.26
28.53
25.43
23.48
24.50
23.37
25.60
26.74
25.17
25.17
27.16
27.73
28.57
27.09
22.20
26.52
27.84
22.13
24.22
23.71
26.22
24.17
27.58
28.48
23.68
26.36
26.29
26.91
27.15
27.71
24.07
27.23
25.91
25.78
28.88
24.83
24.54
26.75
25.59
26.43
24.62
24.21
27.38
25.35
24.58
27.23
28.39
28.38
26.07
21.86
27.62
28.27
26.33
28.09
29.02
23.34
24.83
25.13
23.56
23.33
24.64
25.11
24.45
24.32
25.21
24.22
23.88
23.59
27.98
27.05
23.49
29.40
25.18
23.96
25.16
25.58
25.61
26.82
24.70
25.12
24.46
26.27
29.14
24.32
25.99
27.55
29.46
29.10
27.67
29.46
29.18
24.22
24.55
23.91
27.74
24.84
26.65
27.93
28.14
27.49
26.86
24.60
23.74
26.51
25.33
27.27
26.91
26.50
25.48
25.09
24.77
25.34
25.26
24.64
25.24
28.08
30.21
30.31
30.80
31.51
31.08
31.23
29.04
27.32
27.86
28.95
26.63
24.25
27.76
31.37
31.00
31.02
26.32
30.43
26.81
29.02
30.28
25.20
27.70
30.20
31.15
30.91
30.43
31.09
30.55
30.35
30.19
30.33
28.55
28.67
29.27
30.59
30.32
32.09
31.07
30.70
31.47
31.90
32.41
33.06
31.89
32.74
32.52
33.04
33.05
33.38
33.01
