29.20
30.05
30.90
31.29
32.32
32.75
32.49
32.32
30.13
28.99
30.95
29.47
31.42
29.12
30.79
25.99
28.05
31.40
30.33
25.05
25.98
30.21
27.01
26.88
26.52
26.81
26.69
26.11
28.36
29.24
29.09
31.01
28.57
28.54
26.17
24.91
30.84
32.22
32.77
31.57
24.92
24.87
25.68
25.69
25.62
30.50
28.97
24.80
28.59
27.90
31.40
27.25
27.57
26.94
27.33
27.29
27.73
25.42
26.62
27.63
25.85
27.66
33.39
28.01
25.23
28.60
28.09
30.72
27.79
28.27
27.82
28.19
31.27
29.89
28.77
26.17
28.27
29.77
28.27
27.25
25.30
27.14
28.11
27.29
26.84
28.71
28.98
29.40
29.49
29.01
25.59
26.55
31.49
29.51
25.70
27.48
27.20
25.40
27.94
26.74
31.79
27.23
25.20
27.08
26.99
30.41
27.53
28.05
29.85
27.24
29.23
26.92
28.03
26.53
27.86
27.54
24.98
24.98
26.88
27.80
29.01
30.41
26.56
24.39
25.96
27.94
28.63
28.50
26.57
26.65
28.78
28.21
25.13
25.18
28.97
28.47
26.60
25.01
26.75
24.26
27.47
25.41
24.61
24.05
24.24
24.55
24.68
24.52
24.25
25.78
28.00
24.56
24.70
27.09
25.73
27.47
29.05
25.62
26.84
25.52
27.33
26.86
26.95
26.25
26.31
25.86
24.50
25.13
26.30
24.62
25.05
26.47
26.30
24.83
29.46
25.18
25.05
24.31
26.07
25.84
24.15
24.54
23.36
24.00
24.71
22.38
25.66
24.18
25.07
24.61
26.81
27.33
23.54
24.11
23.68
24.23
27.58
28.48
24.44
24.42
24.89
26.79
26.98
24.00
28.40
27.50
27.09
27.64
26.99
23.93
27.00
27.68
25.80
25.04
24.22
24.10
23.77
24.43
25.54
27.97
27.79
25.54
26.63
24.02
27.52
23.65
22.79
24.23
23.68
23.32
26.07
26.08
23.63
24.68
26.62
23.47
24.04
24.97
24.71
26.94
26.90
26.51
26.69
25.75
24.70
23.19
23.74
23.17
25.27
24.55
24.79
24.59
23.96
24.50
26.33
25.15
25.06
25.25
24.86
24.70
26.64
27.10
27.82
25.76
27.59
24.33
26.23
25.10
24.48
26.93
25.76
25.66
25.36
26.31
25.22
23.60
24.19
26.77
25.66
23.93
23.60
23.81
26.73
23.50
28.00
26.92
28.31
25.78
26.32
23.11
24.58
25.86
27.59
26.10
24.91
25.05
24.85
25.53
26.29
28.91
26.94
27.77
27.44
24.92
25.87
27.59
27.99
28.97
29.40
29.11
27.85
28.83
27.46
26.58
27.33
29.36
30.87
30.08
30.90
31.05
27.73
29.52
27.15
26.41
27.43
26.56
26.62
27.68
25.45
26.96
24.26
26.28
26.27
27.43
26.31
27.17
29.47
26.86
26.70
28.33
28.83
27.99
29.13
28.26
28.07
31.38
30.22
27.88
30.08
30.43
31.14
31.51
29.61
31.36
28.76
29.14
30.87
29.97
31.05
31.00
31.14
29.21
31.08
32.08
31.37
