27.74
27.66
23.77
25.70
32.06
33.18
33.77
33.13
32.87
28.19
31.75
27.75
25.27
25.41
30.18
33.51
33.25
27.10
31.59
35.19
30.78
31.24
26.63
32.87
28.79
28.13
25.14
30.10
29.04
27.06
29.91
28.94
30.45
29.85
29.49
30.80
27.95
30.63
33.46
29.32
29.30
28.77
30.88
29.40
27.13
25.35
30.62
28.60
25.69
26.81
30.83
28.10
28.08
29.94
29.19
33.86
29.23
30.18
31.51
35.08
29.13
29.63
30.11
33.45
30.34
36.31
34.66
31.33
27.54
30.91
28.85
32.62
28.78
30.13
29.87
29.22
29.47
30.72
29.25
28.16
33.59
26.64
27.72
31.50
26.41
27.59
29.02
29.38
30.49
30.71
26.57
26.37
31.60
33.17
32.95
30.52
28.80
29.60
28.68
29.43
32.20
28.09
33.04
30.49
31.42
28.70
27.68
30.43
31.49
30.45
25.85
32.34
31.94
30.38
26.89
25.94
24.57
30.00
28.12
26.98
28.78
29.84
25.59
24.96
28.60
31.35
25.27
29.97
27.06
30.44
29.43
25.08
27.88
29.85
25.91
25.11
27.16
25.66
25.91
31.24
26.98
27.33
28.78
26.03
26.19
27.26
27.40
29.89
29.41
26.47
24.08
28.22
24.99
26.87
28.82
26.46
24.33
26.87
27.73
25.34
23.39
25.27
25.87
26.71
26.40
26.18
25.77
24.73
30.26
30.24
27.11
29.01
28.81
28.77
29.17
28.37
27.75
28.04
26.75
25.66
26.97
27.65
25.09
28.92
24.08
28.34
26.87
23.74
27.07
28.64
28.52
29.24
25.68
23.82
25.53
28.35
24.40
26.22
28.28
28.03
29.72
30.69
26.82
27.98
25.86
25.88
23.89
24.25
25.41
23.85
24.29
24.57
24.69
26.10
24.17
27.64
28.48
26.23
26.02
25.42
24.14
24.01
28.34
26.26
25.33
23.55
25.58
25.25
24.17
25.87
27.00
25.52
24.25
27.31
27.20
24.62
25.32
26.05
25.31
24.96
26.12
27.05
24.77
24.34
26.44
29.43
28.59
24.94
24.05
26.20
25.19
25.87
24.04
26.19
24.81
26.23
27.56
28.89
28.77
28.77
28.90
28.36
27.01
23.58
25.54
27.30
27.39
24.07
29.09
30.34
31.06
27.64
29.01
30.77
28.95
30.40
29.66
30.94
30.56
28.07
27.14
31.71
29.62
28.83
28.36
28.57
26.84
29.38
29.41
30.56
28.98
28.34
29.73
31.30
30.08
30.31
31.08
29.61
29.38
30.52
31.04
30.89
32.42
32.74
33.32
32.60
32.17
30.58
32.19
32.43
32.03
32.10
31.09
32.10
31.52
31.64
31.49
32.02
32.62
32.11
32.34
29.95
27.47
31.59
31.04
31.42
32.19
32.21
32.10
32.39
31.66
31.59
31.50
31.33
