31.00
29.97
27.66
31.04
31.61
32.67
31.13
31.40
26.75
30.32
32.81
32.58
26.35
31.82
33.91
33.73
28.55
30.74
33.55
32.52
32.17
32.77
32.39
32.02
33.06
34.08
34.11
33.35
33.81
31.74
30.16
27.55
29.43
30.61
29.50
28.56
28.21
29.33
28.12
26.47
32.31
28.14
27.36
29.39
28.09
26.86
26.72
32.10
25.33
25.13
32.78
34.62
32.22
30.20
26.85
27.22
28.14
26.95
28.16
28.38
28.02
29.43
29.71
28.62
27.93
28.00
27.71
29.78
28.69
27.69
28.82
25.42
27.55
27.32
26.84
29.26
27.78
28.28
28.32
33.60
32.42
27.73
31.19
28.13
29.24
29.81
27.01
27.68
29.18
27.21
24.64
30.38
26.38
27.02
27.42
32.86
27.38
28.55
28.03
30.38
32.90
29.14
27.65
30.34
28.03
27.60
30.68
27.66
32.85
30.73
28.44
27.27
27.51
29.01
33.38
27.13
26.69
28.18
28.70
29.58
28.84
32.27
26.34
30.27
26.35
25.26
25.95
30.14
26.04
25.39
27.97
30.63
26.28
30.69
27.83
29.76
29.18
29.37
31.95
28.65
29.58
33.20
32.90
29.95
28.65
32.54
32.96
26.95
28.65
27.33
32.04
29.02
32.53
29.03
28.88
26.55
25.25
25.62
26.53
27.98
27.86
25.08
24.57
25.91
27.44
26.46
25.30
29.33
25.07
26.62
25.31
26.12
26.22
30.52
25.60
26.85
25.20
27.75
26.67
23.96
28.62
25.87
27.40
27.49
25.89
25.78
24.24
24.03
24.07
24.42
23.90
25.29
27.41
28.08
24.39
28.52
29.74
25.39
24.04
28.37
30.06
24.44
24.12
28.65
27.44
25.29
27.46
27.06
26.15
27.99
28.57
24.23
23.76
27.24
24.18
23.96
27.40
24.49
24.75
27.86
25.83
25.79
24.64
25.60
23.86
23.92
25.33
25.79
25.82
24.46
24.33
25.43
23.42
24.90
27.87
28.90
24.35
24.63
29.02
27.87
23.69
28.07
28.07
27.20
27.09
26.44
26.14
24.83
25.09
26.37
26.59
25.57
24.45
25.14
25.59
25.08
24.04
24.85
23.99
29.39
29.52
24.46
26.60
28.06
28.83
25.99
28.89
29.30
25.00
27.99
28.14
24.76
26.60
26.29
24.99
24.74
26.68
24.54
26.67
24.98
24.64
25.44
28.75
30.80
28.41
24.29
24.34
22.61
26.53
27.97
27.98
27.21
26.63
25.34
25.23
29.12
25.73
24.15
27.02
25.01
26.01
27.30
25.74
27.26
25.23
24.47
26.18
27.39
28.23
31.67
28.26
26.99
24.17
29.30
25.00
26.85
26.85
26.21
26.18
27.80
31.91
30.62
31.14
30.67
32.31
31.31
30.28
30.46
33.63
32.71
31.57
28.25
31.64
32.95
33.13
32.26
31.88
31.32
31.37
31.92
32.52
32.16
31.66
31.24
30.70
26.22
24.82
30.82
27.86
30.26
29.89
31.25
32.68
32.04
28.10
26.72
32.80
30.55
30.78
31.07
31.91
31.56
31.79
31.11
28.40
