28.94
29.74
29.60
29.03
29.96
28.94
29.38
31.28
30.87
29.74
30.45
31.24
30.43
30.59
30.20
31.28
30.24
30.79
29.47
29.53
27.68
30.17
30.47
30.28
30.06
30.26
29.95
29.25
29.09
30.07
30.71
31.14
30.85
30.64
30.65
33.03
33.55
31.60
30.59
31.71
32.12
31.26
31.02
31.11
32.19
30.53
29.08
32.31
31.47
29.37
31.61
32.32
30.37
32.41
31.14
28.69
29.63
30.42
30.52
27.78
26.73
32.67
32.56
32.68
33.37
30.43
31.99
30.90
32.71
32.21
30.41
29.36
28.35
27.69
28.61
30.83
27.88
28.89
29.38
28.98
28.75
28.38
29.24
26.26
30.49
28.27
29.20
30.20
32.39
29.30
30.60
29.54
29.76
31.41
28.76
28.29
28.55
26.77
30.31
27.50
29.54
31.54
30.10
32.20
31.60
30.69
30.47
32.55
28.82
31.51
30.32
30.93
30.75
30.96
28.73
32.09
27.57
29.21
28.45
31.25
32.08
30.00
28.54
30.49
30.94
31.20
31.51
29.44
31.66
28.96
30.17
31.74
28.38
29.59
31.46
30.48
28.59
27.15
27.66
27.41
30.43
27.63
28.34
28.44
25.22
26.68
25.45
27.39
30.25
28.83
26.93
29.67
30.20
29.33
29.81
30.56
29.78
27.39
29.08
29.12
28.72
25.14
26.66
28.40
22.55
26.04
28.00
27.05
24.91
27.00
28.16
25.78
26.01
24.60
26.45
24.89
25.57
23.78
26.14
24.99
26.27
24.77
24.30
24.97
24.34
25.79
27.18
25.29
25.61
24.62
26.38
26.92
25.22
26.58
27.88
25.16
26.71
26.80
24.99
24.82
27.00
26.69
24.59
25.84
26.38
25.60
24.84
25.67
25.30
25.61
24.17
25.11
24.62
25.94
26.86
26.61
26.14
26.84
27.82
26.78
26.99
26.09
23.95
24.93
25.20
25.24
25.85
27.60
25.84
26.06
26.73
26.45
24.59
24.47
26.98
27.60
25.90
27.35
26.70
24.94
24.65
27.43
24.82
24.86
27.60
26.58
25.65
25.18
25.09
27.54
24.48
25.39
25.34
26.00
23.96
25.03
25.91
23.64
25.23
26.74
24.84
26.23
27.97
25.71
27.11
25.78
25.65
25.80
25.23
27.19
25.32
24.10
25.21
25.38
27.25
24.81
26.91
28.01
27.81
26.95
27.83
26.67
24.95
27.97
26.33
28.95
28.26
26.84
26.69
30.10
27.91
27.70
25.93
28.93
29.49
26.95
29.85
31.20
27.80
27.24
29.37
29.86
28.19
27.29
27.31
28.12
26.29
29.61
30.29
30.50
29.11
30.15
29.51
31.49
31.21
29.78
29.51
27.85
29.17
30.48
30.23
31.29
30.33
30.88
31.09
29.02
29.42
25.31
28.25
29.31
28.84
28.95
29.04
28.74
27.35
29.83
30.35
31.09
31.45
30.70
30.84
29.77
28.21
30.99
31.28
26.75
30.60
29.23
29.00
28.71
27.25
29.50
27.35
28.98
29.65
30.50
29.49
31.05
30.62
30.62
30.27
29.98
29.34
30.41
30.02
30.43
