24.82
28.25
29.65
29.40
26.78
25.16
28.40
30.39
31.15
31.06
28.81
27.52
30.87
26.29
25.62
26.45
30.75
31.21
29.79
31.12
28.45
29.59
26.17
27.48
27.90
30.94
31.41
32.12
31.85
26.23
24.22
24.67
24.88
26.78
25.11
32.12
31.98
31.77
32.57
33.25
32.75
31.03
30.09
28.74
26.85
24.65
24.65
27.37
25.66
28.68
33.50
33.23
33.32
33.18
31.43
27.43
29.16
29.46
27.46
27.67
30.66
27.76
25.61
25.45
27.40
27.77
31.29
28.66
26.09
27.27
33.44
25.87
28.72
27.36
25.29
31.26
25.66
28.00
28.78
26.91
27.17
28.01
28.20
29.08
28.40
27.08
30.06
27.87
28.91
28.39
26.45
26.39
29.32
28.26
27.78
26.41
28.73
28.47
29.83
29.36
29.60
29.83
31.12
28.73
25.03
25.65
25.24
33.00
27.51
27.80
28.97
27.42
27.11
26.17
27.40
28.28
28.37
27.69
28.87
28.21
28.08
33.50
29.16
30.14
28.44
27.41
28.85
25.33
27.97
25.19
25.99
30.95
31.34
27.90
25.55
24.40
27.59
26.75
25.44
25.69
27.02
30.80
28.27
29.47
24.55
25.89
26.93
24.91
26.01
26.78
27.53
28.77
26.39
25.03
24.51
29.47
26.68
25.47
25.79
25.47
26.23
26.54
24.27
30.52
26.64
24.48
24.41
26.46
26.01
23.40
27.73
29.62
27.28
26.46
27.83
24.25
28.40
24.20
24.18
26.03
29.30
23.67
23.24
27.23
26.49
24.10
24.37
25.65
24.40
26.04
23.55
24.21
24.43
23.71
26.30
25.90
27.59
23.96
26.34
27.41
24.24
27.44
27.40
24.42
23.93
23.54
26.43
29.14
27.55
24.45
26.58
26.49
27.76
27.58
27.52
27.60
29.32
28.73
26.31
27.97
29.05
25.00
24.08
28.53
28.11
28.59
27.66
25.85
24.13
22.11
22.95
23.59
23.53
24.11
24.51
25.53
24.08
23.73
23.32
26.25
26.85
23.81
24.16
24.16
25.60
25.63
24.51
27.64
25.78
23.80
22.92
24.42
27.15
24.46
27.11
27.58
24.37
24.29
24.42
24.67
24.81
27.89
26.56
23.28
25.66
27.06
29.38
24.15
24.09
25.56
25.12
23.67
25.96
25.69
25.00
24.75
24.42
25.03
23.98
23.66
26.75
23.58
24.27
23.72
25.16
25.85
23.49
22.93
27.18
28.13
25.68
25.02
26.81
28.57
25.87
24.23
25.17
24.52
24.47
26.34
26.26
27.45
25.96
26.16
26.15
24.73
24.83
27.44
24.78
26.59
29.62
27.67
26.42
27.32
27.19
29.83
28.38
28.12
30.45
27.24
27.39
24.67
26.86
27.17
26.16
24.74
28.09
27.53
26.12
25.11
25.67
28.25
29.58
29.33
26.04
27.85
29.61
30.32
31.77
31.00
28.11
28.44
31.67
29.70
31.28
31.64
31.37
31.50
31.40
31.07
31.13
31.30
29.98
31.05
31.32
32.23
31.06
29.19
29.74
31.20
31.68
31.74
31.57
31.21
30.59
