31.39
31.87
32.37
32.81
32.04
31.85
32.63
32.81
32.67
33.06
32.78
33.27
33.55
32.44
34.02
34.72
33.04
34.46
34.24
34.76
34.32
27.40
28.12
28.40
27.31
25.83
33.16
34.60
34.53
34.31
33.55
33.22
32.74
33.09
34.29
34.98
33.63
31.20
36.08
35.37
34.22
33.34
35.05
34.31
34.24
33.96
33.25
34.54
34.14
27.98
27.15
26.04
27.30
35.94
35.03
27.28
28.76
32.51
30.00
29.77
30.38
33.86
27.30
32.91
28.62
34.40
29.37
28.18
28.71
28.12
32.90
27.88
29.42
27.28
30.73
28.25
32.08
31.41
31.52
28.67
30.79
31.46
28.25
28.72
27.11
26.80
27.52
31.48
28.06
33.93
26.53
27.26
28.60
28.47
27.43
26.14
28.29
28.84
27.75
28.89
33.04
32.38
27.68
29.12
26.67
28.09
29.57
28.47
26.44
27.53
29.98
28.99
26.91
31.57
28.42
27.21
27.28
28.77
29.48
26.06
27.64
33.05
29.94
27.45
27.79
28.00
31.34
28.38
28.46
27.50
27.81
27.21
32.02
30.53
26.11
28.21
30.55
30.87
27.21
26.72
27.56
25.32
27.79
32.83
28.34
27.87
26.03
29.87
29.47
25.74
25.76
27.05
27.99
25.04
30.83
29.99
26.23
28.12
29.03
30.00
27.82
28.75
28.69
29.18
29.23
27.00
28.29
25.35
24.36
26.58
28.89
28.83
29.30
28.87
28.10
28.87
30.60
30.34
27.90
24.22
23.73
29.57
29.18
27.5
26.64
23.49
22.58
26.47
23.62
27.48
28.36
24.74
23.56
24.19
25.10
24.24
26.30
26.75
26.77
24.64
24.44
27.85
24.35
25.10
27.63
24.26
25.18
26.18
24.33
25.77
28.29
28.67
28.76
27.12
27.34
26.85
27.66
28.19
25.52
26.68
27.56
28.01
27.96
26.97
26.92
28.59
27.22
25.50
27.75
28.48
28.20
25.42
28.83
28.16
25.16
23.86
23.86
25.84
28.77
28.93
25.72
24.12
24.68
24.37
24.05
28.01
25.81
24.50
23.85
24.44
23.95
25.67
27.24
24.76
25.54
25.49
24.51
27.40
25.21
25.44
26.57
27.41
26.37
25.65
25.23
24.84
23.57
27.76
28.91
24.59
24.79
28.03
28.95
26.70
26.62
24.42
24.59
23.73
27.04
25.09
23.77
24.94
26.16
26.36
27.34
31.81
28.00
24.56
27.91
25.89
25.57
27.26
26.96
25.70
27.84
29.46
29.19
27.66
25.71
27.80
28.48
25.34
26.33
27.42
25.39
26.88
28.14
30.77
32.58
30.62
26.94
27.79
27.75
29.12
27.26
29.06
27.17
30.85
26.44
25.86
26.99
24.90
26.47
27.85
27.12
25.82
26.92
26.22
24.41
25.20
27.38
29.62
29.65
32.61
30.42
28.84
26.04
31.70
31.66
30.55
30.01
31.44
32.16
31.87
31.61
31.08
30.14
23.35
29.05
30.42
31.61
31.07
31.04
31.42
32.18
32.96
32.57
32.71
33.34
33.57
31.73
31.46
29.37
28.15
25.88
