31.32
32.83
32.96
33.26
33.10
32.30
31.73
30.74
32.52
33.65
34.07
34.08
32.97
34.31
32.65
29.75
33.38
33.51
33.73
34.16
33.71
32.23
31.62
32.13
32.89
33.61
32.89
32.29
32.67
33.84
34.39
34.87
35.41
34.83
35.10
33.19
33.43
29.08
30.04
26.60
31.61
32.39
32.41
31.09
33.86
34.46
34.13
34.54
34.12
33.87
34.49
34.98
35.31
35.77
34.23
29.14
28.45
29.30
27.58
28.65
31.10
28.34
28.76
28.60
27.45
28.08
26.19
26.64
31.59
29.13
33.93
26.76
33.08
36.21
34.25
28.75
29.32
28.16
28.68
31.17
27.91
25.12
26.45
27.62
29.38
31.07
33.57
30.66
27.02
30.43
28.03
27.20
32.14
26.50
30.32
28.07
32.45
27.93
28.20
28.73
30.59
27.66
32.67
28.62
24.89
27.82
32.63
33.94
28.94
33.42
35.17
29.78
29.52
26.46
33.75
28.63
32.65
28.81
27.69
27.23
33.20
31.10
28.58
34.30
32.90
27.91
32.78
30.65
27.21
27.86
29.02
33.15
27.68
26.59
27.62
28.74
28.89
31.31
25.70
26.46
26.14
27.71
28.36
26.43
29.32
25.05
26.85
30.24
25.36
22.91
30.37
27.99
27.96
29.95
27.45
24.65
30.80
30.65
28.34
30.58
29.48
25.10
26.72
24.65
28.48
27.36
29.33
25.79
23.96
25.37
29.31
31.34
30.17
27.55
26.02
24.26
23.67
25.53
26.08
24.51
24.75
24.92
26.08
25.04
23.66
25.40
25.21
24.53
23.53
25.71
28.91
27.56
28.17
24.70
29.02
26.23
23.64
23.21
28.39
26.88
25.72
23.43
27.93
23.97
24.48
25.68
28.58
24.82
23.51
27.97
28.91
24.85
23.60
26.90
23.92
25.02
25.69
28.56
24.51
24.42
23.97
28.05
29.42
26.10
23.94
23.57
24.69
27.60
23.80
24.52
25.97
28.18
28.35
29.10
23.89
27.11
28.24
29.84
24.08
28.30
25.26
23.31
27.04
26.67
23.50
24.22
27.62
25.04
24.55
29.17
27.79
26.56
24.75
26.31
23.99
28.26
27.73
25.14
25.37
27.69
29.22
25.55
25.22
26.97
26.40
25.75
24.83
25.84
24.36
28.84
24.07
26.57
24.77
27.99
24.99
27.27
25.51
23.82
23.89
24.91
29.65
26.98
25.09
23.73
25.90
28.76
24.91
29.95
24.56
27.92
27.35
29.01
26.59
25.74
25.97
28.00
28.01
30.43
28.75
26.47
27.15
25.90
25.25
26.20
25.04
28.03
26.40
24.68
29.20
29.56
30.60
32.12
31.52
24.86
28.66
28.81
31.85
31.49
32.78
33.04
33.65
31.75
28.67
24.57
25.27
30.99
29.69
33.35
30.08
26.72
29.36
31.03
28.55
27.70
31.16
27.60
26.43
26.68
23.99
30.51
29.81
32.27
32.07
30.82
28.17
26.74
27.92
28.08
27.97
27.90
28.39
26.97
29.97
30.39
29.92
28.13
32.42
30.62
32.09
32.20
33.27
32.80
32.53
29.99
31.21
