21.59 
22.54 
21.31 
22.82 
22.52 
22.52 
21.85 
21.44 
22.38 
22.03 
21.96 
22.17 
22.10 
22.17 
22.32 
22.62 
21.99 
21.56 
22.09 
20.63 
20.63 
22.61 
22.22 
22.71 
23.15 
22.65 
22.42 
22.45 
23.57 
22.41 
23.13 
23.36 
23.21 
22.88 
22.62 
21.96 
21.43 
22.53 
23.18 
22.73 
22.70 
22.29 
22.62 
22.92 
22.41 
21.55 
20.99 
22.57 
22.44 
22.34 
22.59 
22.97 
22.93 
23.40 
23.17 
24.12 
23.19 
23.16 
23.78 
22.67 
21.77 
22.29 
22.40 
23.05 
22.55 
23.18 
23.44 
23.37 
23.04 
23.22 
22.83 
23.99 
23.16 
22.87 
22.60 
22.14 
23.44 
23.60 
23.98 
23.68 
23.09 
23.02 
23.61 
23.16 
22.75 
22.01 
21.49 
22.22 
23.13 
23.66 
23.11 
22.86 
22.04 
22.69 
22.29 
22.19 
22.76 
22.11 
23.33 
23.37 
23.65 
22.44 
22.32 
23.63 
23.23 
22.00 
21.82 
22.90 
22.75 
21.63 
22.89 
22.68 
22.23 
22.24 
23.45 
22.54 
23.54 
22.84 
22.57 
22.55 
22.72 
23.27 
23.46 
23.18 
23.69 
23.02 
23.45 
23.70 
22.97 
22.94 
22.84 
23.08 
23.39 
23.35 
22.94 
23.17 
23.31 
22.11 
23.00 
22.66 
23.31 
22.52 
22.76 
21.83 
21.35 
21.53 
21.18 
21.45 
22.30 
22.32 
21.28 
21.72 
21.58 
21.96 
22.25 
22.81 
21.47 
21.16 
20.90 
21.48 
21.95 
22.14 
22.23 
21.82 
21.85 
21.99 
22.42 
22.29 
22.28 
21.98 
21.73 
23.33 
22.68 
22.81 
21.92 
22.51 
22.17 
22.79 
22.24 
21.71 
21.47 
21.67 
21.73 
21.04 
19.82 
22.16 
21.87 
21.51 
21.33 
20.90 
21.46 
21.88 
21.77 
21.45 
21.70 
21.64 
21.47 
21.06 
21.45 
21.80 
21.87 
21.62 
21.92 
20.99 
20.82 
21.21 
21.47 
21.34 
21.49 
21.34 
21.47 
21.50 
21.27 
21.59 
21.30 
21.29 
21.37 
21.02 
21.39 
21.93 
22.03 
21.98 
21.73 
20.97 
21.80 
21.84 
21.56 
21.09 
21.76 
21.81 
21.44 
21.18 
21.43 
21.75 
21.17 
21.50 
21.82 
21.60 
21.42 
21.72 
21.60 
21.50 
21.75 
21.54 
21.47 
21.63 
21.23 
21.46 
21.86 
22.01 
21.11 
21.92 
21.95 
22.36 
21.93 
21.47 
21.67 
21.35 
21.63 
21.59 
21.58 
21.38 
21.66 
21.80 
21.78 
21.83 
21.90 
21.74 
22.09 
21.87 
21.68 
22.26 
21.67 
21.61 
21.97 
20.73 
21.95 
22.10 
22.54 
22.25 
21.72 
21.52 
22.15 
21.81 
22.02 
21.61 
21.62 
21.38 
21.44 
21.70 
22.23 
22.07 
22.00 
22.11 
21.74 
22.07 
22.05 
21.92 
22.23 
22.79 
21.44 
21.85 
21.93 
21.62 
21.17 
21.81 
20.94 
20.94 
21.65 
22.33 
21.06 
20.70 
21.11 
21.67 
22.42 
22.43 
22.54 
21.56 
21.62 
21.72 
22.31 
22.69 
22.17 
21.84 
21.97 
22.38 
22.52 
21.69 
22.70 
23.00 
22.59 
22.66 
21.95 
20.63 
21.59 
22.50 
22.24 
22.06 
22.66 
21.69 
21.90 
22.24 
22.89 
21.31 
21.44 
22.34 
22.28 
20.18 
21.94 
22.31 
21.92 
22.19 
22.08 
22.94 
22.99 
22.64 
22.58 
21.97 
22.45 
21.04 
22.69 
21.90 
22.77 
22.83 
22.75 
23.25 
