21.29
20.26
21.07
20.80
22.47
21.85
20.83
22.62
21.51
21.44
21.72
22.48
22.15
22.90
22.48
21.84
22.33
22.02
21.41
22.41
21.99
22.02
22.85
21.88
22.75
21.82
21.61
20.63
21.58
22.86
21.84
22.99
22.78
21.34
22.11
22.99
23.11
21.23
23.15
21.77
23.62
22.82
22.99
21.92
21.72
22.48
22.60
23.30
23.47
23.13
21.66
21.99
22.68
22.56
22.80
22.95
23.25
23.36
23.28
23.37
23.26
21.78
22.25
23.14
23.12
22.64
22.39
22.74
21.95
22.69
23.32
22.63
22.80
23.15
22.53
22.36
22.82
23.24
23.38
23.32
23.38
22.78
22.53
24.14
22.72
23.04
22.72
23.40
22.66
22.90
23.03
22.81
23.11
22.62
23.33
23.36
23.89
23.02
23.70
23.43
23.92
23.20
23.11
23.56
22.65
22.41
23.42
22.90
22.56
23.34
22.72
23.53
22.98
23.21
23.48
22.84
22.84
23.56
23.69
23.55
23.81
23.37
23.30
23.23
22.80
23.04
23.30
22.93
22.77
23.06
23.37
23.22
23.13
22.93
22.60
22.16
22.98
22.77
23.24
22.74
22.67
23.27
23.09
22.20
22.57
23.18
23.10
22.76
21.43
22.49
22.12
21.52
22.76
22.35
22.17
21.91
22.24
21.54
21.90
22.54
22.69
22.30
21.80
22.54
22.46
22.81
21.83
22.34
22.19
22.22
22.16
22.06
21.91
21.93
22.00
22.46
22.41
21.92
21.79
21.89
21.73
21.71
21.08
21.03
21.78
21.32
21.39
21.39
21.25
21.44
20.84
21.64
21.43
21.81
21.62
21.26
20.90
21.35
20.42
21.63
20.77
21.75
21.59
20.99
21.65
21.86
21.23
21.27
21.47
21.58
21.76
21.26
21.66
21.09
21.17
21.12
20.81
21.08
21.45
20.10
20.10
21.02
21.28
21.11
21.28
21.27
21.43
21.25
21.40
21.14
21.11
21.59
21.41
21.73
21.19
21.40
21.87
21.12
20.85
21.26
21.69
21.66
21.22
21.26
21.67
21.52
21.91
21.97
21.75
21.82
21.31
21.77
21.54
21.71
21.92
21.91
21.61
21.94
21.96
21.85
22.07
22.08
22.04
22.06
22.28
22.25
21.67
22.18
21.24
21.68
21.41
21.57
21.48
21.48
21.66
21.76
21.96
21.95
21.37
21.71
21.66
21.45
21.90
21.97
21.68
21.57
22.64
22.30
22.24
22.60
22.16
22.10
22.20
22.12
22.13
21.92
21.45
21.88
21.64
21.70
21.59
22.18
21.72
20.97
21.25
21.43
21.17
21.26
21.65
20.79
22.23
22.11
21.68
21.00
22.47
22.23
21.18
22.17
21.74
21.33
21.77
21.42
21.93
21.86
21.83
20.93
20.21
20.66
20.38
20.24
21.24
21.81
20.93
20.15
20.79
22.06
22.68
21.30
21.32
22.81
22.48
21.81
21.36
20.87
20.94
21.10
21.14
20.01
20.75
18.60
18.59
18.49
18.35
20.16
17.31
17.24
16.81
18.00
17.91
17.37
17.88
17.03
20.78
21.05
20.65
21.20
