19.14 
21.06 
20.18 
18.86 
17.56 
19.07 
19.83 
20.20 
21.22 
21.21 
21.41 
21.13 
21.05 
22.05 
20.08 
22.24 
22.75 
21.37 
22.41 
23.04 
22.95 
22.57 
21.51 
21.92 
23.00 
22.40 
22.64 
22.95 
23.36 
22.32 
22.79 
19.89 
21.73 
23.86 
23.49 
23.66 
23.86 
23.56 
22.98 
23.39 
21.24 
19.06 
17.36 
17.87 
20.49 
21.73 
23.25 
23.28 
23.62 
23.53 
23.00 
22.64 
24.47 
23.88 
23.52 
23.70 
23.28 
23.67 
24.09 
24.43 
23.63 
23.61 
23.01 
21.67 
23.63 
23.73 
23.22 
23.45 
23.01 
22.98 
23.68 
22.96 
22.88 
23.17 
23.01 
22.85 
23.00 
23.00 
23.49 
23.33 
22.37 
22.35 
22.07 
22.84 
22.41 
22.63 
22.64 
23.11 
22.02 
23.21 
24.50 
24.36 
23.95 
24.43 
24.48 
23.70 
23.81 
22.58 
23.53 
23.41 
23.91 
22.12 
23.44 
24.00 
24.11 
23.86 
23.92 
23.87 
23.23 
23.73 
23.55 
23.67 
22.87 
22.85 
23.15 
22.95 
22.67 
22.29 
22.23 
22.93 
23.42 
23.66 
23.78 
23.50 
23.24 
22.67 
23.22 
23.50 
23.16 
22.67 
23.07 
23.05 
23.49 
23.10 
22.79 
23.31 
23.29 
23.34 
23.50 
22.94 
22.77 
23.46 
23.24 
23.24 
23.07 
21.73 
21.79 
23.42 
22.95 
23.07 
22.28 
23.12 
23.12 
22.25 
22.19 
22.71 
22.04 
22.83 
22.73 
22.58 
22.02 
21.60 
21.67 
22.82 
21.84 
22.07 
21.74 
22.57 
22.38 
21.41 
22.19 
22.79 
22.67 
22.28 
22.35 
22.26 
22.25 
21.76 
22.76 
22.19 
22.89 
21.91 
21.00 
22.16 
22.04 
21.61 
21.17 
22.11 
21.15 
22.36 
22.17 
21.61 
21.17 
21.89 
21.59 
21.70 
22.05 
22.00 
21.26 
21.92 
21.13 
21.11 
21.30 
20.77 
21.54 
21.90 
21.54 
20.92 
21.22 
21.13 
21.34 
21.50 
20.90 
20.95 
21.23 
21.23 
21.74 
21.80 
21.51 
21.25 
21.37 
21.46 
21.45 
21.82 
21.47 
21.37 
21.37 
21.70 
21.42 
21.36 
21.86 
21.74 
21.43 
21.84 
21.55 
21.61 
21.20 
21.28 
21.42 
21.33 
21.74 
21.43 
21.13 
21.25 
21.55 
21.86 
21.73 
21.83 
21.50 
21.51 
22.23 
21.41 
21.05 
21.89 
21.70 
21.25 
21.02 
21.39 
22.03 
22.08 
21.54 
21.18 
21.68 
21.97 
22.31 
22.00 
22.12 
22.02 
22.06 
21.58 
21.52 
21.69 
21.49 
21.35 
21.15 
21.25 
22.07 
22.39 
21.88 
21.69 
22.01 
22.05 
21.66 
21.32 
21.98 
22.32 
21.86 
22.04 
21.50 
21.86 
21.19 
21.64 
22.33 
21.38 
20.75 
22.89 
21.83 
21.51 
21.48 
21.45 
22.25 
21.99 
20.14 
21.55 
22.13 
21.86 
21.43 
20.99 
20.69 
20.92 
21.97 
22.63 
22.21 
21.96 
21.27 
22.29 
22.28 
22.37 
22.53 
21.85 
22.46 
22.02 
22.06 
22.35 
21.44 
20.58 
22.32 
22.02 
21.99 
22.52 
22.23 
21.02 
21.04 
20.99 
22.02 
21.39 
20.12 
21.01 
22.40 
22.46 
22.69 
22.41 
21.43 
21.27 
21.75 
21.67 
21.29 
19.97 
20.81 
21.96 
21.02 
20.78 
21.75 
19.81 
21.69 
21.23 
22.81 
18.61 
18.58 
17.61 
17.98 
18.26 
18.99 
19.99 
20.61 
21.01 
