20.67 
21.54 
20.45 
21.29 
21.61 
21.60 
21.42 
20.09 
19.04 
21.12 
21.15 
21.89 
21.72 
22.64 
20.58 
21.21 
21.30 
19.55 
20.28 
22.17 
21.49 
21.09 
20.62 
19.90 
19.38 
21.20 
20.09 
21.38 
21.96 
22.22 
22.03 
21.17 
21.31 
21.05 
19.15 
18.71 
18.02 
15.52 
16.40 
15.86 
17.49 
19.87 
21.55 
22.92 
22.86 
23.37 
23.27 
22.87 
22.91 
23.12 
23.58 
23.85 
23.41 
23.15 
23.47 
22.94 
23.10 
22.81 
23.49 
23.72 
23.35 
22.73 
22.83 
23.14 
22.74 
23.12 
22.65 
23.82 
22.92 
21.65 
23.05 
22.45 
21.96 
22.99 
22.81 
22.34 
22.20 
22.86 
23.25 
23.62 
23.16 
22.66 
23.37 
19.86 
21.63 
23.98 
23.08 
23.11 
22.26 
23.18 
23.42 
22.95 
23.66 
23.03 
22.18 
22.68 
23.26 
22.32 
22.92 
22.75 
22.19 
23.43 
22.90 
22.82 
23.11 
22.89 
22.21 
22.55 
22.69 
22.83 
23.57 
23.15 
22.96 
23.74 
22.55 
23.09 
22.74 
22.65 
22.92 
23.01 
23.01 
23.00 
22.90 
22.99 
22.42 
22.43 
21.84 
22.48 
22.65 
23.31 
22.84 
22.82 
22.33 
22.73 
22.27 
22.77 
22.87 
22.16 
21.08 
22.76 
23.38 
23.15 
22.85 
22.43 
22.11 
22.51 
22.29 
22.18 
21.76 
22.71 
22.82 
22.56 
21.93 
21.77 
21.20 
21.52 
22.75 
22.33 
22.30 
22.03 
21.92 
22.07 
21.66 
22.86 
21.63 
21.62 
21.44 
22.46 
22.47 
20.91 
21.59 
22.01 
21.81 
21.85 
21.57 
21.39 
21.49 
21.53 
21.73 
21.85 
22.17 
22.46 
22.03 
21.18 
21.68 
21.02 
21.70 
22.18 
21.38 
21.46 
21.19 
21.70 
21.99 
20.40 
20.28 
21.59 
21.26 
20.88 
20.84 
20.86 
19.96 
20.74 
20.87 
21.14 
21.24 
21.79 
21.48 
21.09 
21.25 
21.07 
21.70 
21.92 
21.49 
21.60 
21.11 
20.14 
21.07 
21.33 
21.27 
21.25 
21.27 
21.33 
21.74 
21.32 
21.57 
21.58 
21.37 
21.21 
21.70 
21.20 
20.99 
21.37 
20.71 
21.36 
21.70 
21.81 
21.91 
21.71 
21.06 
22.01 
21.27 
22.13 
22.07 
21.54 
21.19 
21.31 
21.61 
21.18 
20.96 
20.66 
21.31 
21.07 
21.38 
21.52 
21.57 
22.09 
21.41 
21.25 
20.92 
21.90 
21.78 
21.82 
21.81 
21.57 
21.96 
21.52 
20.92 
21.54 
21.59 
22.02 
22.06 
21.78 
21.53 
21.74 
21.44 
20.73 
21.19 
21.75 
21.59 
22.59 
21.29 
21.74 
21.66 
21.85 
21.80 
21.66 
20.94 
21.53 
22.21 
22.03 
22.40 
21.61 
21.77 
21.37 
21.54 
22.26 
22.04 
21.55 
20.77 
21.26 
22.12 
22.41 
21.83 
22.50 
21.27 
20.94 
22.20 
20.61 
21.72 
22.01 
22.71 
22.68 
21.67 
21.71 
21.72 
22.07 
21.99 
20.98 
21.32 
20.70 
21.03 
20.82 
21.74 
22.41 
20.94 
21.51 
21.51 
20.16 
19.77 
22.21 
20.89 
21.15 
21.11 
21.48 
20.75 
21.66 
21.20 
20.59 
21.86 
20.86 
21.51 
21.03 
21.54 
21.26 
21.30 
20.85 
20.17 
20.09 
19.29 
19.58 
19.02 
20.12 
19.58 
19.99 
20.42 
19.99 
17.57 
18.04 
18.90 
21.61 
21.42 
21.23 
21.10 
20.61 
20.12 
18.39 
