21.39 
21.45 
19.97 
17.36 
17.52 
17.16 
16.17 
16.44 
16.81 
16.76 
17.85 
18.51 
18.93 
18.80 
19.02 
17.99 
20.31 
20.41 
23.62 
21.16 
22.16 
22.58 
22.93 
21.65 
23.01 
18.59 
20.37 
20.65 
22.24 
22.68 
22.85 
23.38 
22.95 
22.94 
23.40 
22.95 
23.01 
21.83 
21.56 
22.54 
22.49 
22.48 
21.56 
22.14 
20.66 
21.47 
21.49 
22.60 
23.38 
23.46 
23.68 
23.66 
23.69 
24.34 
24.13 
23.20 
23.16 
22.32 
23.94 
23.51 
23.67 
23.36 
22.72 
22.91 
22.53 
22.80 
22.20 
22.74 
23.20 
23.18 
23.34 
24.17 
23.80 
23.60 
23.57 
23.67 
23.54 
23.81 
23.42 
22.80 
23.45 
23.46 
22.96 
23.40 
22.14 
22.19 
23.27 
22.82 
23.76 
24.43 
23.14 
24.28 
23.04 
22.79 
23.19 
24.05 
22.67 
22.47 
21.98 
22.91 
22.38 
22.50 
22.27 
22.79 
22.63 
23.95 
24.25 
23.72 
23.54 
23.15 
22.54 
22.73 
22.28 
22.99 
22.99 
22.38 
23.35 
23.19 
23.45 
23.35 
23.19 
22.65 
22.55 
22.87 
23.43 
23.15 
22.57 
22.04 
23.16 
22.77 
23.19 
22.41 
23.07 
23.06 
22.92 
22.14 
22.45 
22.16 
23.04 
23.16 
22.86 
22.67 
22.33 
22.39 
22.62 
22.90 
22.44 
22.09 
21.93 
22.36 
22.74 
22.87 
22.64 
22.61 
22.41 
21.68 
21.92 
22.12 
22.07 
22.29 
21.97 
21.79 
22.11 
22.40 
22.24 
22.30 
21.91 
21.52 
21.74 
22.06 
22.19 
22.09 
21.15 
21.52 
21.80 
22.32 
22.38 
22.10 
21.40 
22.02 
21.53 
21.48 
21.84 
21.89 
21.72 
21.34 
21.09 
21.10 
20.84 
21.46 
21.53 
20.97 
21.34 
21.18 
21.00 
21.30 
21.13 
21.02 
21.21 
21.16 
21.14 
20.94 
20.73 
21.12 
20.98 
20.88 
20.97 
20.84 
21.08 
21.14 
21.03 
21.31 
20.94 
20.91 
21.36 
21.64 
21.04 
20.89 
20.80 
20.79 
20.90 
20.82 
20.87 
21.24 
20.87 
21.78 
20.70 
21.08 
21.25 
21.10 
21.12 
22.01 
21.17 
21.41 
21.72 
21.63 
21.39 
21.47 
21.67 
20.90 
21.03 
21.13 
21.38 
22.09 
20.83 
21.64 
21.45 
21.01 
21.37 
21.61 
21.15 
21.33 
21.31 
21.53 
21.29 
20.47 
21.25 
21.77 
21.51 
21.33 
21.58 
21.58 
21.16 
21.11 
21.33 
20.83 
20.82 
21.41 
20.94 
21.70 
21.69 
22.01 
21.55 
21.51 
19.94 
19.77 
20.81 
19.96 
21.26 
20.39 
21.56 
21.89 
21.34 
21.35 
21.57 
21.52 
20.78 
21.63 
21.76 
21.30 
22.12 
21.45 
21.59 
22.10 
21.42 
21.89 
21.62 
21.99 
21.81 
20.99 
21.35 
21.20 
21.65 
21.50 
22.01 
21.65 
21.52 
20.93 
21.89 
22.35 
22.10 
21.77 
21.91 
21.19 
19.96 
21.33 
20.57 
20.37 
21.30 
21.56 
21.32 
21.91 
21.09 
21.82 
22.17 
20.98 
21.02 
20.57 
20.26 
19.67 
20.96 
20.54 
19.25 
19.91 
20.51 
19.87 
19.82 
20.11 
20.18 
22.75 
21.22 
21.64 
21.49 
21.91 
21.67 
20.98 
21.12 
22.26 
22.26 
22.46 
22.28 
21.24 
21.17 
22.55 
20.33 
21.04 
21.55 
20.99 
20.44 
21.57 
21.20 
21.64 
21.81 
23.14 
22.47 
21.78 
