20.88 
18.18 
18.54 
18.37 
21.32 
22.25 
19.53 
19.03 
18.79 
20.63 
19.68 
19.87 
21.41 
21.57 
22.15 
22.67 
19.56 
18.73 
17.85 
19.02 
19.69 
18.68 
17.61 
16.47 
16.34 
16.71 
16.92 
18.94 
17.90 
17.15 
17.95 
19.18 
19.02 
20.07 
21.18 
22.83 
23.51 
23.73 
22.99 
22.23 
20.75 
22.44 
22.69 
23.50 
23.44 
22.98 
21.90 
22.23 
21.61 
20.88 
22.37 
21.82 
21.48 
21.27 
22.74 
23.88 
23.96 
21.56 
22.98 
22.86 
22.73 
23.87 
23.31 
22.94 
23.37 
22.34 
23.51 
22.76 
22.59 
23.21 
22.99 
23.16 
21.52 
23.19 
24.50 
23.92 
23.69 
23.75 
23.34 
22.71 
22.87 
22.57 
23.15 
22.51 
23.10 
23.13 
23.12 
23.37 
23.63 
23.29 
24.25 
22.99 
22.66 
22.73 
22.94 
23.05 
22.69 
23.89 
23.62 
23.23 
23.40 
23.94 
22.55 
23.88 
23.55 
22.41 
22.18 
23.88 
23.26 
23.09 
23.68 
24.46 
24.26 
24.63 
22.32 
24.29 
23.23 
24.18 
23.22 
23.77 
22.61 
24.46 
23.74 
23.31 
23.73 
24.12 
23.57 
23.71 
24.08 
23.15 
23.21 
22.58 
23.36 
23.41 
23.40 
23.31 
24.12 
23.96 
23.78 
23.41 
23.03 
23.14 
22.80 
22.72 
22.42 
22.23 
21.63 
22.33 
22.59 
22.85 
22.08 
23.06 
22.75 
23.07 
22.55 
22.13 
21.81 
23.03 
22.73 
22.47 
22.00 
22.21 
21.90 
22.00 
21.92 
22.85 
22.30 
22.81 
22.47 
22.29 
22.24 
21.34 
21.98 
22.11 
22.41 
21.53 
21.59 
22.43 
21.41 
21.40 
21.63 
21.93 
21.33 
22.37 
21.89 
21.53 
21.86 
21.26 
21.67 
20.70 
21.81 
22.10 
22.07 
22.02 
21.57 
22.27 
22.17 
21.42 
20.63 
21.86 
21.94 
21.66 
21.75 
21.91 
21.53 
21.28 
20.94 
22.21 
21.58 
21.30 
22.27 
21.24 
21.54 
21.58 
21.50 
21.40 
21.57 
22.19 
21.47 
21.78 
21.57 
21.47 
21.12 
21.76 
21.54 
21.68 
21.74 
21.23 
22.08 
21.39 
21.23 
21.41 
21.60 
20.56 
21.55 
21.06 
21.45 
21.45 
21.82 
21.34 
21.94 
21.74 
21.42 
22.23 
22.00 
21.76 
21.25 
20.80 
21.38 
22.00 
22.02 
22.81 
21.85 
22.07 
21.90 
21.78 
22.04 
22.12 
21.86 
21.77 
22.15 
21.96 
22.49 
21.72 
21.78 
21.57 
22.13 
22.24 
21.90 
21.66 
22.46 
21.43 
21.05 
22.32 
21.82 
21.12 
22.41 
21.79 
22.02 
22.14 
21.82 
22.29 
22.18 
22.68 
21.31 
21.75 
21.42 
21.71 
21.31 
21.36 
22.03 
22.14 
21.49 
22.82 
21.56 
21.95 
21.64 
21.57 
21.12 
22.68 
22.85 
21.59 
21.91 
21.33 
22.64 
22.18 
21.96 
23.14 
22.14 
22.85 
22.24 
21.34 
20.85 
21.41 
21.98 
21.64 
20.80 
21.86 
21.37 
21.66 
21.56 
22.41 
22.05 
23.04 
23.05 
21.83 
21.17 
21.97 
22.36 
22.95 
22.69 
21.77 
23.32 
23.31 
22.12 
21.72 
22.88 
22.02 
23.30 
22.27 
21.13 
20.46 
21.36 
20.83 
21.62 
21.94 
20.93 
22.46 
22.50 
22.26 
21.72 
21.40 
22.75 
22.04 
22.66 
22.26 
22.17 
21.83 
22.96 
21.20 
20.87 
21.06 
20.56 
21.38 
21.82 
22.20 
