18.99 
19.54 
21.55 
21.92 
23.61 
23.43 
22.97 
23.64 
23.64 
20.84 
20.21 
21.09 
22.15 
22.64 
24.07 
23.54 
22.57 
21.41 
23.49 
23.00 
22.48 
21.42 
23.00 
22.13 
21.12 
20.41 
22.72 
21.53 
20.57 
20.83 
21.81 
22.50 
23.46 
22.73 
20.60 
17.55 
19.21 
19.27 
18.77 
19.61 
20.82 
22.87 
23.01 
23.16 
24.66 
23.19 
22.75 
23.18 
23.08 
23.36 
24.44 
22.73 
23.68 
23.50 
23.36 
23.79 
23.30 
22.58 
23.38 
22.67 
22.53 
21.99 
21.50 
22.49 
21.16 
18.24 
19.25 
19.58 
19.31 
20.99 
22.95 
23.32 
23.00 
23.92 
24.49 
24.23 
23.03 
24.28 
23.82 
23.37 
22.89 
23.18 
23.60 
23.66 
23.62 
23.93 
23.72 
23.25 
23.99 
23.69 
23.28 
23.24 
23.48 
23.64 
24.04 
23.46 
23.64 
23.49 
22.16 
22.35 
23.02 
23.11 
23.07 
22.72 
24.31 
23.80 
22.47 
22.79 
22.94 
22.57 
23.46 
23.79 
21.89 
22.76 
22.89 
23.37 
23.73 
23.01 
23.80 
23.13 
22.88 
23.13 
22.67 
23.48 
23.95 
23.47 
22.96 
22.83 
23.41 
23.66 
23.39 
23.38 
23.07 
22.77 
22.68 
22.84 
22.67 
22.39 
23.73 
23.08 
22.98 
22.79 
22.86 
22.32 
22.54 
22.14 
22.23 
22.98 
21.49 
22.35 
22.25 
22.44 
21.78 
21.53 
21.92 
21.64 
22.68 
22.09 
22.33 
21.85 
21.82 
22.64 
21.81 
22.20 
21.97 
22.25 
21.70 
22.39 
21.99 
21.62 
22.28 
22.28 
22.54 
22.04 
21.74 
22.26 
21.81 
20.27 
20.93 
21.83 
21.69 
21.30 
21.99 
21.52 
21.53 
21.01 
21.87 
21.46 
22.06 
21.47 
21.34 
21.65 
20.82 
21.08 
20.86 
21.77 
21.90 
22.07 
21.69 
21.79 
21.27 
21.88 
21.26 
20.50 
20.61 
20.60 
20.26 
20.45 
21.62 
21.19 
21.20 
20.97 
21.29 
21.36 
22.06 
21.86 
21.68 
21.33 
21.53 
21.47 
21.82 
22.07 
21.85 
21.59 
21.12 
21.80 
21.27 
21.61 
22.06 
22.02 
21.79 
21.53 
22.12 
21.76 
21.82 
21.58 
21.44 
21.64 
22.16 
21.39 
21.60 
20.96 
21.35 
21.73 
21.71 
21.51 
21.47 
20.86 
20.66 
21.74 
21.53 
21.88 
21.93 
21.92 
21.97 
21.68 
21.89 
22.02 
21.89 
21.61 
22.03 
21.82 
21.39 
21.45 
21.59 
21.88 
21.90 
21.24 
21.43 
21.80 
21.70 
21.95 
22.80 
22.26 
21.80 
20.99 
21.94 
22.48 
21.96 
21.21 
21.37 
22.52 
22.61 
22.14 
22.19 
21.52 
21.28 
22.19 
22.26 
21.77 
21.61 
21.73 
21.95 
22.76 
22.79 
22.36 
21.15 
21.41 
21.54 
21.83 
22.25 
22.25 
21.84 
22.87 
22.34 
21.89 
21.57 
21.36 
21.07 
21.42 
21.65 
21.42 
22.03 
21.33 
22.85 
21.77 
22.31 
22.69 
22.33 
23.18 
22.13 
22.70 
22.54 
22.02 
22.14 
21.86 
21.94 
22.70 
22.71 
23.11 
21.05 
20.60 
21.77 
20.88 
22.67 
21.14 
20.75 
21.06 
22.13 
21.90 
22.14 
21.97 
21.62 
21.34 
21.31 
21.36 
22.57 
22.14 
23.04 
21.79 
21.76 
21.18 
21.57 
22.13 
22.26 
22.48 
21.71 
21.15 
22.51 
22.16 
21.96 
23.18 
22.38 
23.08 
23.28 
23.09 
