22.26 
22.27 
21.71 
19.78 
19.01 
19.15 
20.38 
20.34 
21.84 
21.69 
22.11 
22.79 
22.33 
22.56 
21.84 
22.46 
22.49 
23.24 
22.96 
22.84 
21.26 
21.70 
21.10 
21.65 
21.53 
21.37 
21.75 
22.13 
22.39 
21.85 
20.87 
20.03 
17.54 
17.37 
16.71 
17.17 
17.17 
17.34 
18.29 
17.41 
16.54 
18.26 
18.56 
19.88 
19.78 
19.71 
18.52 
20.15 
21.15 
20.20 
21.51 
23.75 
23.37 
23.56 
24.19 
23.63 
22.74 
23.61 
21.88 
22.63 
23.22 
23.16 
22.98 
23.75 
23.68 
23.65 
23.63 
23.28 
22.86 
22.97 
23.09 
22.30 
22.92 
23.96 
24.24 
23.38 
24.04 
24.71 
23.66 
23.03 
21.72 
23.32 
24.61 
24.01 
24.51 
24.10 
23.07 
23.36 
22.79 
24.33 
23.30 
23.59 
24.21 
23.48 
23.67 
23.83 
24.45 
24.19 
23.66 
24.00 
24.81 
23.83 
24.18 
24.51 
24.78 
24.38 
24.07 
24.05 
23.87 
23.46 
24.17 
24.62 
24.04 
22.81 
23.56 
22.95 
22.86 
24.35 
24.01 
23.92 
23.11 
23.61 
23.04 
23.06 
22.98 
23.29 
23.52 
24.45 
23.84 
23.32 
23.97 
23.38 
23.33 
22.36 
23.29 
23.32 
23.54 
23.31 
23.07 
23.65 
23.01 
22.73 
23.01 
22.46 
22.76 
21.78 
22.36 
22.61 
22.09 
22.33 
22.84 
22.96 
22.85 
22.47 
21.74 
23.44 
22.81 
21.99 
22.24 
22.18 
22.48 
22.21 
21.57 
22.95 
22.82 
22.63 
23.10 
22.20 
21.93 
21.93 
22.04 
21.82 
21.78 
21.52 
21.88 
21.28 
21.87 
21.35 
21.76 
22.03 
21.96 
22.23 
21.60 
20.90 
21.33 
21.72 
20.92 
21.91 
21.60 
21.86 
21.83 
21.71 
21.83 
21.82 
21.97 
22.03 
21.44 
21.65 
20.59 
21.72 
21.66 
22.05 
21.42 
20.31 
21.09 
21.12 
21.77 
21.16 
21.25 
21.54 
21.43 
21.12 
20.28 
20.86 
21.24 
21.04 
21.50 
21.09 
21.41 
21.24 
21.38 
21.13 
21.08 
21.47 
21.44 
21.24 
21.64 
20.83 
21.50 
21.35 
20.92 
20.71 
18.77 
21.12 
21.22 
20.95 
21.30 
21.62 
21.61 
21.63 
21.87 
21.53 
22.08 
22.05 
21.52 
20.97 
22.36 
22.01 
22.02 
21.58 
21.83 
21.75 
21.45 
21.49 
21.53 
21.55 
21.76 
21.09 
21.51 
21.06 
21.46 
21.84 
21.26 
21.85 
21.25 
21.15 
21.77 
21.72 
21.37 
21.92 
22.14 
21.40 
21.57 
21.43 
20.90 
20.85 
21.88 
21.53 
21.45 
21.45 
21.81 
22.14 
21.32 
21.24 
21.49 
21.45 
21.08 
20.89 
21.52 
21.62 
21.27 
21.98 
21.86 
20.95 
21.84 
22.20 
21.56 
21.38 
21.56 
20.44 
22.37 
22.20 
22.19 
21.47 
21.63 
21.68 
21.13 
20.59 
20.98 
21.53 
21.99 
21.55 
22.42 
22.50 
21.94 
22.71 
22.92 
21.62 
23.13 
22.84 
21.51 
22.14 
22.63 
22.44 
20.93 
22.03 
22.19 
22.11 
21.45 
22.05 
21.48 
20.82 
22.81 
22.65 
21.84 
21.46 
22.51 
22.19 
21.05 
22.09 
21.51 
20.18 
21.73 
20.74 
21.31 
22.22 
20.83 
20.25 
20.25 
21.57 
19.94 
20.08 
19.85 
22.13 
22.71 
22.58 
22.11 
21.91 
22.28 
22.66 
22.85 
21.68 
23.26 
22.89 
21.81 
22.75 
