23.78 
24.24 
24.17 
23.56 
24.29 
24.21 
24.29 
25.65 
24.61 
24.03 
24.77 
26.56 
26.50 
26.66 
26.15 
26.64 
25.44 
26.71 
26.21 
26.32 
25.24 
25.08 
24.21 
24.62 
25.58 
24.51 
24.13 
23.65 
23.55 
24.04 
24.36 
24.35 
24.14 
24.45 
23.98 
25.89 
26.20 
25.80 
25.77 
26.28 
25.19 
24.72 
24.69 
25.35 
27.30 
27.81 
27.12 
26.87 
27.27 
26.60 
27.14 
27.12 
26.84 
27.21 
27.80 
27.01 
27.06 
27.56 
27.46 
26.48 
25.92 
28.01 
26.83 
27.45 
28.26 
28.17 
28.31 
25.96 
27.67 
28.20 
28.13 
26.55 
26.73 
25.35 
26.59 
28.54 
26.29 
26.08 
25.80 
27.82 
26.22 
27.40 
27.13 
25.53 
26.96 
27.73 
26.50 
27.45 
28.55 
27.18 
26.93 
27.76 
25.97 
27.90 
27.80 
26.35 
26.46 
25.57 
27.00 
26.10 
26.98 
27.16 
26.86 
28.41 
27.66 
27.93 
27.49 
28.30 
26.68 
28.36 
28.23 
27.48 
28.58 
28.66 
27.64 
28.20 
26.85 
27.51 
26.66 
26.85 
28.09 
28.42 
26.71 
28.20 
27.40 
27.40 
28.13 
26.63 
27.82 
27.39 
27.81 
27.76 
26.83 
26.76 
27.57 
26.81 
26.57 
25.90 
24.22 
26.30 
26.57 
26.77 
25.80 
25.94 
23.78 
24.02 
24.51 
26.03 
26.87 
27.43 
25.69 
26.68 
27.20 
26.60 
26.24 
26.53 
26.86 
26.33 
26.36 
25.92 
26.26 
24.23 
24.07 
25.60 
22.20 
23.36 
25.00 
24.55 
23.52 
24.64 
25.64 
24.25 
23.31 
23.45 
23.90 
23.52 
24.10 
22.64 
24.14 
23.74 
23.51 
23.11 
23.31 
23.84 
23.01 
24.02 
24.37 
24.17 
24.11 
23.70 
24.12 
24.19 
22.94 
23.38 
24.27 
23.46 
24.17 
23.55 
23.83 
23.13 
24.03 
24.20 
23.04 
23.15 
23.41 
23.33 
22.41 
22.87 
23.30 
23.42 
22.47 
23.27 
22.66 
23.87 
24.70 
23.61 
23.10 
23.89 
24.68 
24.26 
24.05 
23.74 
22.91 
23.30 
23.51 
23.09 
23.08 
23.68 
23.82 
23.82 
23.81 
23.93 
24.14 
23.11 
23.89 
24.70 
24.29 
24.60 
24.71 
24.31 
22.41 
23.94 
24.36 
23.30 
24.14 
24.40 
24.06 
23.75 
23.49 
24.37 
23.31 
23.62 
23.33 
24.06 
23.05 
23.78 
24.37 
22.84 
23.87 
23.77 
23.79 
24.44 
24.95 
24.75 
24.63 
23.81 
24.09 
24.58 
23.75 
24.05 
23.49 
23.11 
24.20 
24.82 
25.23 
23.30 
24.54 
25.41 
25.18 
25.20 
26.41 
25.03 
23.75 
23.96 
25.02 
26.34 
25.23 
25.96 
24.01 
26.23 
26.42 
25.78 
25.14 
25.74 
26.71 
25.57 
26.97 
27.27 
25.77 
25.51 
26.29 
26.10 
25.03 
26.14 
24.85 
26.93 
25.67 
26.20 
26.87 
26.92 
26.59 
27.57 
27.16 
27.78 
27.37 
25.96 
26.51 
25.79 
27.71 
27.60 
27.64 
27.58 
26.44 
26.88 
28.01 
27.65 
25.59 
24.53 
26.03 
27.03 
26.54 
25.41 
26.16 
26.74 
25.90 
26.85 
26.52 
26.16 
27.10 
26.92 
27.43 
27.16 
26.55 
27.14 
26.74 
25.89 
25.60 
26.50 
26.95 
26.08 
24.30 
26.99 
25.25 
26.25 
26.01 
26.43 
26.57 
26.44 
25.05 
26.44 
26.59 
24.90 
24.47 
25.20 
24.89 
25.13 
