   22.1616726    
   21.9180164    
   21.7481441    
   21.6561508    
   21.9310627    
   21.6842270    
   21.5721054    
   21.6160049    
   22.3731499    
   22.0598087    
   21.6917152    
   22.0014973    
   21.9816151    
   21.7659798    
   21.7669983    
   21.7766113    
   22.2469101    
   22.1630116    
   22.0584698    
   22.2827282    
   21.7264786    
   21.9897575    
   22.0282650    
   22.0547791    
   22.2296448    
   22.1297989    
   22.1266422    
   22.1803284    
   22.1404991    
   22.0051384    
   22.3308926    
   22.5182819    
   22.0445061    
   21.9822121    
   22.0408878    
   25.0388622    
   25.1651592    
   25.5470219    
   23.1793919    
   0.00000000    
