        1979   27.5417442    
        1980   26.7601795    
        1981   27.0428028    
        1982   27.1653271    
        1983   27.9718781    
        1984   27.3344002    
        1985   27.1820698    
        1986   27.7296677    
        1987   27.9385777    
        1988   27.8899899    
        1989   27.8736534    
        1990   27.5273495    
        1991   26.9699936    
        1992   27.8186665    
        1993   27.4039631    
        1994   27.7912292    
        1995   28.0171852    
        1996   27.3471355    
        1997   27.7897797    
        1998   28.3349590    
        1999   27.2455635    
        2000   28.4924488    
        2001   28.0032711    
        2002   28.0782261    
        2003   28.3072681    
        2004   28.1769772    
        2005   28.0357304    
        2006   27.9404583    
        2007   28.5397854    
        2008   28.6576424    
        2009   28.1080856    
        2010   28.5341549    
        2011   28.6818810    
        2012   28.2394028    
        2013   28.5023060    
        2014   27.5444145    
        2015   28.1814022    
        2016   28.4408226    
        2017   25.8260059    
           0   0.00000000    
