-0.47  1980
-0.47  1981
-0.47  1982
-0.47  1983
-0.47  1984
-0.47  1985
-0.47  1986
-0.47  1987
-0.47  1988
-0.47  1989
-0.47  1990
-0.47  1991
-0.47  1992
-0.47  1993
-0.47  1994
-0.47  1995
-0.47  1996
-0.47  1997
-0.47  1998
-0.47  1999
-0.47  2000
-0.47  2001
-0.47  2002
-0.47  2003
-0.47  2004
-0.47  2005
-0.47  2006
-0.47  2007
-0.47  2008
-0.47  2009
-0.47  2010
-0.47  2011
-0.47  2012
-0.47  2013
-0.47  2014
-0.47  2015
-0.47  2016
-0.47  2017
-0.47  2018
-1.81  1980
-1.81  1981
-1.81  1982
-1.81  1983
-1.81  1984
-1.81  1985
-1.81  1986
-1.81  1987
-1.81  1988
-1.81  1989
-1.81  1990
-1.81  1991
-1.81  1992
-1.81  1993
-1.81  1994
-1.81  1995
-1.81  1996
-1.81  1997
-1.81  1998
-1.81  1999
-1.81  2000
-1.81  2001
-1.81  2002
-1.81  2003
-1.81  2004
-1.81  2005
-1.81  2006
-1.81  2007
-1.81  2008
-1.81  2009
-1.81  2010
-1.81  2011
-1.81  2012
-1.81  2013
-1.81  2014
-1.81  2015
-1.81  2016
-1.81  2017
-1.81  2018
-1.32  1980
-1.32  1981
-1.32  1982
-1.32  1983
-1.32  1984
-1.32  1985
-1.32  1986
-1.32  1987
-1.32  1988
-1.32  1989
-1.32  1990
-1.32  1991
-1.32  1992
-1.32  1993
-1.32  1994
-1.32  1995
-1.32  1996
-1.32  1997
-1.32  1998
-1.32  1999
-1.32  2000
-1.32  2001
-1.32  2002
-1.32  2003
-1.32  2004
-1.32  2005
-1.32  2006
-1.32  2007
-1.32  2008
-1.32  2009
-1.32  2010
-1.32  2011
-1.32  2012
-1.32  2013
-1.32  2014
-1.32  2015
-1.32  2016
-1.32  2017
-1.32  2018
-1.11  1980
-1.11  1981
-1.11  1982
-1.11  1983
-1.11  1984
-1.11  1985
-1.11  1986
-1.11  1987
-1.11  1988
-1.11  1989
-1.11  1990
-1.11  1991
-1.11  1992
-1.11  1993
-1.11  1994
-1.11  1995
-1.11  1996
-1.11  1997
-1.11  1998
-1.11  1999
-1.11  2000
-1.11  2001
-1.11  2002
-1.11  2003
-1.11  2004
-1.11  2005
-1.11  2006
-1.11  2007
-1.11  2008
-1.11  2009
-1.11  2010
-1.11  2011
-1.11  2012
-1.11  2013
-1.11  2014
-1.11  2015
-1.11  2016
-1.11  2017
-1.11  2018
 0.26  1980
 0.26  1981
 0.26  1982
 0.26  1983
 0.26  1984
 0.26  1985
 0.26  1986
 0.26  1987
 0.26  1988
 0.26  1989
 0.26  1990
 0.26  1991
 0.26  1992
 0.26  1993
 0.26  1994
 0.26  1995
 0.26  1996
 0.26  1997
 0.26  1998
 0.26  1999
 0.26  2000
 0.26  2001
 0.26  2002
 0.26  2003
 0.26  2004
 0.26  2005
 0.26  2006
 0.26  2007
 0.26  2008
 0.26  2009
 0.26  2010
 0.26  2011
 0.26  2012
 0.26  2013
 0.26  2014
 0.26  2015
 0.26  2016
 0.26  2017
 0.26  2018
-0.82  1980
-0.82  1981
-0.82  1982
-0.82  1983
-0.82  1984
-0.82  1985
-0.82  1986
-0.82  1987
-0.82  1988
-0.82  1989
-0.82  1990
-0.82  1991
-0.82  1992
-0.82  1993
-0.82  1994
-0.82  1995
-0.82  1996
-0.82  1997
-0.82  1998
-0.82  1999
-0.82  2000
-0.82  2001
-0.82  2002
-0.82  2003
-0.82  2004
-0.82  2005
-0.82  2006
-0.82  2007
-0.82  2008
-0.82  2009
-0.82  2010
-0.82  2011
-0.82  2012
-0.82  2013
-0.82  2014
-0.82  2015
-0.82  2016
-0.82  2017
-0.82  2018
-1.08  1980
-1.08  1981
-1.08  1982
-1.08  1983
-1.08  1984
-1.08  1985
-1.08  1986
-1.08  1987
-1.08  1988
-1.08  1989
-1.08  1990
-1.08  1991
-1.08  1992
-1.08  1993
-1.08  1994
-1.08  1995
-1.08  1996
-1.08  1997
-1.08  1998
-1.08  1999
-1.08  2000
-1.08  2001
-1.08  2002
-1.08  2003
-1.08  2004
-1.08  2005
-1.08  2006
-1.08  2007
-1.08  2008
-1.08  2009
-1.08  2010
-1.08  2011
-1.08  2012
-1.08  2013
-1.08  2014
-1.08  2015
-1.08  2016
-1.08  2017
-1.08  2018
-0.15  1980
-0.15  1981
-0.15  1982
-0.15  1983
-0.15  1984
-0.15  1985
-0.15  1986
-0.15  1987
-0.15  1988
-0.15  1989
-0.15  1990
-0.15  1991
-0.15  1992
-0.15  1993
-0.15  1994
-0.15  1995
-0.15  1996
-0.15  1997
-0.15  1998
-0.15  1999
-0.15  2000
-0.15  2001
-0.15  2002
-0.15  2003
-0.15  2004
-0.15  2005
-0.15  2006
-0.15  2007
-0.15  2008
-0.15  2009
-0.15  2010
-0.15  2011
-0.15  2012
-0.15  2013
-0.15  2014
-0.15  2015
-0.15  2016
-0.15  2017
-0.15  2018
 0.21  1980
 0.21  1981
 0.21  1982
 0.21  1983
 0.21  1984
 0.21  1985
 0.21  1986
 0.21  1987
 0.21  1988
 0.21  1989
 0.21  1990
 0.21  1991
 0.21  1992
 0.21  1993
 0.21  1994
 0.21  1995
 0.21  1996
 0.21  1997
 0.21  1998
 0.21  1999
 0.21  2000
 0.21  2001
 0.21  2002
 0.21  2003
 0.21  2004
 0.21  2005
 0.21  2006
 0.21  2007
 0.21  2008
 0.21  2009
 0.21  2010
 0.21  2011
 0.21  2012
 0.21  2013
 0.21  2014
 0.21  2015
 0.21  2016
 0.21  2017
 0.21  2018
 0.12  1980
 0.12  1981
 0.12  1982
 0.12  1983
 0.12  1984
 0.12  1985
 0.12  1986
 0.12  1987
 0.12  1988
 0.12  1989
 0.12  1990
 0.12  1991
 0.12  1992
 0.12  1993
 0.12  1994
 0.12  1995
 0.12  1996
 0.12  1997
 0.12  1998
 0.12  1999
 0.12  2000
 0.12  2001
 0.12  2002
 0.12  2003
 0.12  2004
 0.12  2005
 0.12  2006
 0.12  2007
 0.12  2008
 0.12  2009
 0.12  2010
 0.12  2011
 0.12  2012
 0.12  2013
 0.12  2014
 0.12  2015
 0.12  2016
 0.12  2017
 0.12  2018
 0.09  1980
 0.09  1981
 0.09  1982
 0.09  1983
 0.09  1984
 0.09  1985
 0.09  1986
 0.09  1987
 0.09  1988
 0.09  1989
 0.09  1990
 0.09  1991
 0.09  1992
 0.09  1993
 0.09  1994
 0.09  1995
 0.09  1996
 0.09  1997
 0.09  1998
 0.09  1999
 0.09  2000
 0.09  2001
 0.09  2002
 0.09  2003
 0.09  2004
 0.09  2005
 0.09  2006
 0.09  2007
 0.09  2008
 0.09  2009
 0.09  2010
 0.09  2011
 0.09  2012
 0.09  2013
 0.09  2014
 0.09  2015
 0.09  2016
 0.09  2017
 0.09  2018
-0.50  1980
-0.50  1981
-0.50  1982
-0.50  1983
-0.50  1984
-0.50  1985
-0.50  1986
-0.50  1987
-0.50  1988
-0.50  1989
-0.50  1990
-0.50  1991
-0.50  1992
-0.50  1993
-0.50  1994
-0.50  1995
-0.50  1996
-0.50  1997
-0.50  1998
-0.50  1999
-0.50  2000
-0.50  2001
-0.50  2002
-0.50  2003
-0.50  2004
-0.50  2005
-0.50  2006
-0.50  2007
-0.50  2008
-0.50  2009
-0.50  2010
-0.50  2011
-0.50  2012
-0.50  2013
-0.50  2014
-0.50  2015
-0.50  2016
-0.50  2017
-0.50  2018
-1.45  1980
-1.45  1981
-1.45  1982
-1.45  1983
-1.45  1984
-1.45  1985
-1.45  1986
-1.45  1987
-1.45  1988
-1.45  1989
-1.45  1990
-1.45  1991
-1.45  1992
-1.45  1993
-1.45  1994
-1.45  1995
-1.45  1996
-1.45  1997
-1.45  1998
-1.45  1999
-1.45  2000
-1.45  2001
-1.45  2002
-1.45  2003
-1.45  2004
-1.45  2005
-1.45  2006
-1.45  2007
-1.45  2008
-1.45  2009
-1.45  2010
-1.45  2011
-1.45  2012
-1.45  2013
-1.45  2014
-1.45  2015
-1.45  2016
-1.45  2017
-1.45  2018
-0.01  1980
-0.01  1981
-0.01  1982
-0.01  1983
-0.01  1984
-0.01  1985
-0.01  1986
-0.01  1987
-0.01  1988
-0.01  1989
-0.01  1990
-0.01  1991
-0.01  1992
-0.01  1993
-0.01  1994
-0.01  1995
-0.01  1996
-0.01  1997
-0.01  1998
-0.01  1999
-0.01  2000
-0.01  2001
-0.01  2002
-0.01  2003
-0.01  2004
-0.01  2005
-0.01  2006
-0.01  2007
-0.01  2008
-0.01  2009
-0.01  2010
-0.01  2011
-0.01  2012
-0.01  2013
-0.01  2014
-0.01  2015
-0.01  2016
-0.01  2017
-0.01  2018
-0.71  1980
-0.71  1981
-0.71  1982
-0.71  1983
-0.71  1984
-0.71  1985
-0.71  1986
-0.71  1987
-0.71  1988
-0.71  1989
-0.71  1990
-0.71  1991
-0.71  1992
-0.71  1993
-0.71  1994
-0.71  1995
-0.71  1996
-0.71  1997
-0.71  1998
-0.71  1999
-0.71  2000
-0.71  2001
-0.71  2002
-0.71  2003
-0.71  2004
-0.71  2005
-0.71  2006
-0.71  2007
-0.71  2008
-0.71  2009
-0.71  2010
-0.71  2011
-0.71  2012
-0.71  2013
-0.71  2014
-0.71  2015
-0.71  2016
-0.71  2017
-0.71  2018
-0.04  1980
-0.04  1981
-0.04  1982
-0.04  1983
-0.04  1984
-0.04  1985
-0.04  1986
-0.04  1987
-0.04  1988
-0.04  1989
-0.04  1990
-0.04  1991
-0.04  1992
-0.04  1993
-0.04  1994
-0.04  1995
-0.04  1996
-0.04  1997
-0.04  1998
-0.04  1999
-0.04  2000
-0.04  2001
-0.04  2002
-0.04  2003
-0.04  2004
-0.04  2005
-0.04  2006
-0.04  2007
-0.04  2008
-0.04  2009
-0.04  2010
-0.04  2011
-0.04  2012
-0.04  2013
-0.04  2014
-0.04  2015
-0.04  2016
-0.04  2017
-0.04  2018
 0.33  1980
 0.33  1981
 0.33  1982
 0.33  1983
 0.33  1984
 0.33  1985
 0.33  1986
 0.33  1987
 0.33  1988
 0.33  1989
 0.33  1990
 0.33  1991
 0.33  1992
 0.33  1993
 0.33  1994
 0.33  1995
 0.33  1996
 0.33  1997
 0.33  1998
 0.33  1999
 0.33  2000
 0.33  2001
 0.33  2002
 0.33  2003
 0.33  2004
 0.33  2005
 0.33  2006
 0.33  2007
 0.33  2008
 0.33  2009
 0.33  2010
 0.33  2011
 0.33  2012
 0.33  2013
 0.33  2014
 0.33  2015
 0.33  2016
 0.33  2017
 0.33  2018
-0.81  1980
-0.81  1981
-0.81  1982
-0.81  1983
-0.81  1984
-0.81  1985
-0.81  1986
-0.81  1987
-0.81  1988
-0.81  1989
-0.81  1990
-0.81  1991
-0.81  1992
-0.81  1993
-0.81  1994
-0.81  1995
-0.81  1996
-0.81  1997
-0.81  1998
-0.81  1999
-0.81  2000
-0.81  2001
-0.81  2002
-0.81  2003
-0.81  2004
-0.81  2005
-0.81  2006
-0.81  2007
-0.81  2008
-0.81  2009
-0.81  2010
-0.81  2011
-0.81  2012
-0.81  2013
-0.81  2014
-0.81  2015
-0.81  2016
-0.81  2017
-0.81  2018
-0.04  1980
-0.04  1981
-0.04  1982
-0.04  1983
-0.04  1984
-0.04  1985
-0.04  1986
-0.04  1987
-0.04  1988
-0.04  1989
-0.04  1990
-0.04  1991
-0.04  1992
-0.04  1993
-0.04  1994
-0.04  1995
-0.04  1996
-0.04  1997
-0.04  1998
-0.04  1999
-0.04  2000
-0.04  2001
-0.04  2002
-0.04  2003
-0.04  2004
-0.04  2005
-0.04  2006
-0.04  2007
-0.04  2008
-0.04  2009
-0.04  2010
-0.04  2011
-0.04  2012
-0.04  2013
-0.04  2014
-0.04  2015
-0.04  2016
-0.04  2017
-0.04  2018
 0.87  1980
 0.87  1981
 0.87  1982
 0.87  1983
 0.87  1984
 0.87  1985
 0.87  1986
 0.87  1987
 0.87  1988
 0.87  1989
 0.87  1990
 0.87  1991
 0.87  1992
 0.87  1993
 0.87  1994
 0.87  1995
 0.87  1996
 0.87  1997
 0.87  1998
 0.87  1999
 0.87  2000
 0.87  2001
 0.87  2002
 0.87  2003
 0.87  2004
 0.87  2005
 0.87  2006
 0.87  2007
 0.87  2008
 0.87  2009
 0.87  2010
 0.87  2011
 0.87  2012
 0.87  2013
 0.87  2014
 0.87  2015
 0.87  2016
 0.87  2017
 0.87  2018
-0.98  1980
-0.98  1981
-0.98  1982
-0.98  1983
-0.98  1984
-0.98  1985
-0.98  1986
-0.98  1987
-0.98  1988
-0.98  1989
-0.98  1990
-0.98  1991
-0.98  1992
-0.98  1993
-0.98  1994
-0.98  1995
-0.98  1996
-0.98  1997
-0.98  1998
-0.98  1999
-0.98  2000
-0.98  2001
-0.98  2002
-0.98  2003
-0.98  2004
-0.98  2005
-0.98  2006
-0.98  2007
-0.98  2008
-0.98  2009
-0.98  2010
-0.98  2011
-0.98  2012
-0.98  2013
-0.98  2014
-0.98  2015
-0.98  2016
-0.98  2017
-0.98  2018
 1.14  1980
 1.14  1981
 1.14  1982
 1.14  1983
 1.14  1984
 1.14  1985
 1.14  1986
 1.14  1987
 1.14  1988
 1.14  1989
 1.14  1990
 1.14  1991
 1.14  1992
 1.14  1993
 1.14  1994
 1.14  1995
 1.14  1996
 1.14  1997
 1.14  1998
 1.14  1999
 1.14  2000
 1.14  2001
 1.14  2002
 1.14  2003
 1.14  2004
 1.14  2005
 1.14  2006
 1.14  2007
 1.14  2008
 1.14  2009
 1.14  2010
 1.14  2011
 1.14  2012
 1.14  2013
 1.14  2014
 1.14  2015
 1.14  2016
 1.14  2017
 1.14  2018
 0.31  1980
 0.31  1981
 0.31  1982
 0.31  1983
 0.31  1984
 0.31  1985
 0.31  1986
 0.31  1987
 0.31  1988
 0.31  1989
 0.31  1990
 0.31  1991
 0.31  1992
 0.31  1993
 0.31  1994
 0.31  1995
 0.31  1996
 0.31  1997
 0.31  1998
 0.31  1999
 0.31  2000
 0.31  2001
 0.31  2002
 0.31  2003
 0.31  2004
 0.31  2005
 0.31  2006
 0.31  2007
 0.31  2008
 0.31  2009
 0.31  2010
 0.31  2011
 0.31  2012
 0.31  2013
 0.31  2014
 0.31  2015
 0.31  2016
 0.31  2017
 0.31  2018
 0.45  1980
 0.45  1981
 0.45  1982
 0.45  1983
 0.45  1984
 0.45  1985
 0.45  1986
 0.45  1987
 0.45  1988
 0.45  1989
 0.45  1990
 0.45  1991
 0.45  1992
 0.45  1993
 0.45  1994
 0.45  1995
 0.45  1996
 0.45  1997
 0.45  1998
 0.45  1999
 0.45  2000
 0.45  2001
 0.45  2002
 0.45  2003
 0.45  2004
 0.45  2005
 0.45  2006
 0.45  2007
 0.45  2008
 0.45  2009
 0.45  2010
 0.45  2011
 0.45  2012
 0.45  2013
 0.45  2014
 0.45  2015
 0.45  2016
 0.45  2017
 0.45  2018
 0.82  1980
 0.82  1981
 0.82  1982
 0.82  1983
 0.82  1984
 0.82  1985
 0.82  1986
 0.82  1987
 0.82  1988
 0.82  1989
 0.82  1990
 0.82  1991
 0.82  1992
 0.82  1993
 0.82  1994
 0.82  1995
 0.82  1996
 0.82  1997
 0.82  1998
 0.82  1999
 0.82  2000
 0.82  2001
 0.82  2002
 0.82  2003
 0.82  2004
 0.82  2005
 0.82  2006
 0.82  2007
 0.82  2008
 0.82  2009
 0.82  2010
 0.82  2011
 0.82  2012
 0.82  2013
 0.82  2014
 0.82  2015
 0.82  2016
 0.82  2017
 0.82  2018
 0.60  1980
 0.60  1981
 0.60  1982
 0.60  1983
 0.60  1984
 0.60  1985
 0.60  1986
 0.60  1987
 0.60  1988
 0.60  1989
 0.60  1990
 0.60  1991
 0.60  1992
 0.60  1993
 0.60  1994
 0.60  1995
 0.60  1996
 0.60  1997
 0.60  1998
 0.60  1999
 0.60  2000
 0.60  2001
 0.60  2002
 0.60  2003
 0.60  2004
 0.60  2005
 0.60  2006
 0.60  2007
 0.60  2008
 0.60  2009
 0.60  2010
 0.60  2011
 0.60  2012
 0.60  2013
 0.60  2014
 0.60  2015
 0.60  2016
 0.60  2017
 0.60  2018
 0.36  1980
 0.36  1981
 0.36  1982
 0.36  1983
 0.36  1984
 0.36  1985
 0.36  1986
 0.36  1987
 0.36  1988
 0.36  1989
 0.36  1990
 0.36  1991
 0.36  1992
 0.36  1993
 0.36  1994
 0.36  1995
 0.36  1996
 0.36  1997
 0.36  1998
 0.36  1999
 0.36  2000
 0.36  2001
 0.36  2002
 0.36  2003
 0.36  2004
 0.36  2005
 0.36  2006
 0.36  2007
 0.36  2008
 0.36  2009
 0.36  2010
 0.36  2011
 0.36  2012
 0.36  2013
 0.36  2014
 0.36  2015
 0.36  2016
 0.36  2017
 0.36  2018
 0.21  1980
 0.21  1981
 0.21  1982
 0.21  1983
 0.21  1984
 0.21  1985
 0.21  1986
 0.21  1987
 0.21  1988
 0.21  1989
 0.21  1990
 0.21  1991
 0.21  1992
 0.21  1993
 0.21  1994
 0.21  1995
 0.21  1996
 0.21  1997
 0.21  1998
 0.21  1999
 0.21  2000
 0.21  2001
 0.21  2002
 0.21  2003
 0.21  2004
 0.21  2005
 0.21  2006
 0.21  2007
 0.21  2008
 0.21  2009
 0.21  2010
 0.21  2011
 0.21  2012
 0.21  2013
 0.21  2014
 0.21  2015
 0.21  2016
 0.21  2017
 0.21  2018
 1.23  1980
 1.23  1981
 1.23  1982
 1.23  1983
 1.23  1984
 1.23  1985
 1.23  1986
 1.23  1987
 1.23  1988
 1.23  1989
 1.23  1990
 1.23  1991
 1.23  1992
 1.23  1993
 1.23  1994
 1.23  1995
 1.23  1996
 1.23  1997
 1.23  1998
 1.23  1999
 1.23  2000
 1.23  2001
 1.23  2002
 1.23  2003
 1.23  2004
 1.23  2005
 1.23  2006
 1.23  2007
 1.23  2008
 1.23  2009
 1.23  2010
 1.23  2011
 1.23  2012
 1.23  2013
 1.23  2014
 1.23  2015
 1.23  2016
 1.23  2017
 1.23  2018
 1.43  1980
 1.43  1981
 1.43  1982
 1.43  1983
 1.43  1984
 1.43  1985
 1.43  1986
 1.43  1987
 1.43  1988
 1.43  1989
 1.43  1990
 1.43  1991
 1.43  1992
 1.43  1993
 1.43  1994
 1.43  1995
 1.43  1996
 1.43  1997
 1.43  1998
 1.43  1999
 1.43  2000
 1.43  2001
 1.43  2002
 1.43  2003
 1.43  2004
 1.43  2005
 1.43  2006
 1.43  2007
 1.43  2008
 1.43  2009
 1.43  2010
 1.43  2011
 1.43  2012
 1.43  2013
 1.43  2014
 1.43  2015
 1.43  2016
 1.43  2017
 1.43  2018
 0.50  1980
 0.50  1981
 0.50  1982
 0.50  1983
 0.50  1984
 0.50  1985
 0.50  1986
 0.50  1987
 0.50  1988
 0.50  1989
 0.50  1990
 0.50  1991
 0.50  1992
 0.50  1993
 0.50  1994
 0.50  1995
 0.50  1996
 0.50  1997
 0.50  1998
 0.50  1999
 0.50  2000
 0.50  2001
 0.50  2002
 0.50  2003
 0.50  2004
 0.50  2005
 0.50  2006
 0.50  2007
 0.50  2008
 0.50  2009
 0.50  2010
 0.50  2011
 0.50  2012
 0.50  2013
 0.50  2014
 0.50  2015
 0.50  2016
 0.50  2017
 0.50  2018
 1.21  1980
 1.21  1981
 1.21  1982
 1.21  1983
 1.21  1984
 1.21  1985
 1.21  1986
 1.21  1987
 1.21  1988
 1.21  1989
 1.21  1990
 1.21  1991
 1.21  1992
 1.21  1993
 1.21  1994
 1.21  1995
 1.21  1996
 1.21  1997
 1.21  1998
 1.21  1999
 1.21  2000
 1.21  2001
 1.21  2002
 1.21  2003
 1.21  2004
 1.21  2005
 1.21  2006
 1.21  2007
 1.21  2008
 1.21  2009
 1.21  2010
 1.21  2011
 1.21  2012
 1.21  2013
 1.21  2014
 1.21  2015
 1.21  2016
 1.21  2017
 1.21  2018
 1.46  1980
 1.46  1981
 1.46  1982
 1.46  1983
 1.46  1984
 1.46  1985
 1.46  1986
 1.46  1987
 1.46  1988
 1.46  1989
 1.46  1990
 1.46  1991
 1.46  1992
 1.46  1993
 1.46  1994
 1.46  1995
 1.46  1996
 1.46  1997
 1.46  1998
 1.46  1999
 1.46  2000
 1.46  2001
 1.46  2002
 1.46  2003
 1.46  2004
 1.46  2005
 1.46  2006
 1.46  2007
 1.46  2008
 1.46  2009
 1.46  2010
 1.46  2011
 1.46  2012
 1.46  2013
 1.46  2014
 1.46  2015
 1.46  2016
 1.46  2017
 1.46  2018
 0.72  1980
 0.72  1981
 0.72  1982
 0.72  1983
 0.72  1984
 0.72  1985
 0.72  1986
 0.72  1987
 0.72  1988
 0.72  1989
 0.72  1990
 0.72  1991
 0.72  1992
 0.72  1993
 0.72  1994
 0.72  1995
 0.72  1996
 0.72  1997
 0.72  1998
 0.72  1999
 0.72  2000
 0.72  2001
 0.72  2002
 0.72  2003
 0.72  2004
 0.72  2005
 0.72  2006
 0.72  2007
 0.72  2008
 0.72  2009
 0.72  2010
 0.72  2011
 0.72  2012
 0.72  2013
 0.72  2014
 0.72  2015
 0.72  2016
 0.72  2017
 0.72  2018
 1.16  1980
 1.16  1981
 1.16  1982
 1.16  1983
 1.16  1984
 1.16  1985
 1.16  1986
 1.16  1987
 1.16  1988
 1.16  1989
 1.16  1990
 1.16  1991
 1.16  1992
 1.16  1993
 1.16  1994
 1.16  1995
 1.16  1996
 1.16  1997
 1.16  1998
 1.16  1999
 1.16  2000
 1.16  2001
 1.16  2002
 1.16  2003
 1.16  2004
 1.16  2005
 1.16  2006
 1.16  2007
 1.16  2008
 1.16  2009
 1.16  2010
 1.16  2011
 1.16  2012
 1.16  2013
 1.16  2014
 1.16  2015
 1.16  2016
 1.16  2017
 1.16  2018
-0.47  1980
-0.47  1981
-0.47  1982
-0.47  1983
-0.47  1984
-0.47  1985
-0.47  1986
-0.47  1987
-0.47  1988
-0.47  1989
-0.47  1990
-0.47  1991
-0.47  1992
-0.47  1993
-0.47  1994
-0.47  1995
-0.47  1996
-0.47  1997
-0.47  1998
-0.47  1999
-0.47  2000
-0.47  2001
-0.47  2002
-0.47  2003
-0.47  2004
-0.47  2005
-0.47  2006
-0.47  2007
-0.47  2008
-0.47  2009
-0.47  2010
-0.47  2011
-0.47  2012
-0.47  2013
-0.47  2014
-0.47  2015
-0.47  2016
-0.47  2017
-0.47  2018
 0.62  1980
 0.62  1981
 0.62  1982
 0.62  1983
 0.62  1984
 0.62  1985
 0.62  1986
 0.62  1987
 0.62  1988
 0.62  1989
 0.62  1990
 0.62  1991
 0.62  1992
 0.62  1993
 0.62  1994
 0.62  1995
 0.62  1996
 0.62  1997
 0.62  1998
 0.62  1999
 0.62  2000
 0.62  2001
 0.62  2002
 0.62  2003
 0.62  2004
 0.62  2005
 0.62  2006
 0.62  2007
 0.62  2008
 0.62  2009
 0.62  2010
 0.62  2011
 0.62  2012
 0.62  2013
 0.62  2014
 0.62  2015
 0.62  2016
 0.62  2017
 0.62  2018
 1.06  1980
 1.06  1981
 1.06  1982
 1.06  1983
 1.06  1984
 1.06  1985
 1.06  1986
 1.06  1987
 1.06  1988
 1.06  1989
 1.06  1990
 1.06  1991
 1.06  1992
 1.06  1993
 1.06  1994
 1.06  1995
 1.06  1996
 1.06  1997
 1.06  1998
 1.06  1999
 1.06  2000
 1.06  2001
 1.06  2002
 1.06  2003
 1.06  2004
 1.06  2005
 1.06  2006
 1.06  2007
 1.06  2008
 1.06  2009
 1.06  2010
 1.06  2011
 1.06  2012
 1.06  2013
 1.06  2014
 1.06  2015
 1.06  2016
 1.06  2017
 1.06  2018
-3.38  1980
-3.38  1981
-3.38  1982
-3.38  1983
-3.38  1984
-3.38  1985
-3.38  1986
-3.38  1987
-3.38  1988
-3.38  1989
-3.38  1990
-3.38  1991
-3.38  1992
-3.38  1993
-3.38  1994
-3.38  1995
-3.38  1996
-3.38  1997
-3.38  1998
-3.38  1999
-3.38  2000
-3.38  2001
-3.38  2002
-3.38  2003
-3.38  2004
-3.38  2005
-3.38  2006
-3.38  2007
-3.38  2008
-3.38  2009
-3.38  2010
-3.38  2011
-3.38  2012
-3.38  2013
-3.38  2014
-3.38  2015
-3.38  2016
-3.38  2017
-3.38  2018
