   7.64030740E-02
   1.13723445    
  0.602814138    
  0.430876881    
   2.35890709E-02
  0.236596674    
  0.405019820    
   7.46710785E-03
   1.52741326E-02
   5.41510805E-03
   2.87176669E-03
   8.78597870E-02
  0.733439744    
   4.11202345E-05
  0.173399255    
   6.97543903E-04
   3.74764130E-02
  0.226968229    
   6.97543903E-04
  0.263772577    
  0.332251012    
  0.453720510    
   3.37045640E-02
   6.94786087E-02
  0.233856648    
  0.125024542    
   4.56201397E-02
   1.52741326E-02
  0.523580968    
  0.711640477    
   8.61942917E-02
  0.509208858    
  0.745784819    
  0.179426625    
  0.467292607    
   7.64030740E-02
  0.132196471    
  0.388862699    
   3.98566198    
