 1921   0.08
 1921   0.08
 1921   0.04
 1921   0.04
 1921   0.05
 1921   0.07
 1921   0.10
 1921   0.22
 1921   0.14
 1921   0.07
 1921   0.08
 1921   0.08
 1922   0.08
 1922   0.08
 1922   0.04
 1922   0.04
 1922   0.04
 1922   0.08
 1922   0.11
 1922   0.25
 1922   0.16
 1922   0.06
 1922   0.08
 1922   0.08
 1923   0.08
 1923   0.08
 1923   0.03
 1923   0.03
 1923   0.04
 1923   0.10
 1923   0.13
 1923   0.28
 1923   0.18
 1923   0.06
 1923   0.08
 1923   0.08
 1924   0.08
 1924   0.08
 1924   0.04
 1924   0.04
 1924   0.04
 1924   0.08
 1924   0.11
 1924   0.25
 1924   0.16
 1924   0.06
 1924   0.08
 1924   0.08
 1925   0.08
 1925   0.08
 1925   0.05
 1925   0.05
 1925   0.05
 1925   0.04
 1925   0.07
 1925   0.17
 1925   0.10
 1925   0.07
 1925   0.08
 1925   0.08
 1926   0.08
 1926   0.08
 1926   0.03
 1926   0.03
 1926   0.04
 1926   0.11
 1926   0.15
 1926   0.30
 1926   0.20
 1926   0.06
 1926   0.07
 1926   0.08
 1927   0.08
 1927   0.08
 1927   0.04
 1927   0.04
 1927   0.05
 1927   0.07
 1927   0.10
 1927   0.23
 1927   0.15
 1927   0.06
 1927   0.08
 1927   0.08
 1928   0.08
 1928   0.08
 1928   0.03
 1928   0.04
 1928   0.04
 1928   0.09
 1928   0.12
 1928   0.26
 1928   0.17
 1928   0.06
 1928   0.08
 1928   0.08
 1929   0.08
 1929   0.08
 1929   0.04
 1929   0.04
 1929   0.05
 1929   0.06
 1929   0.09
 1929   0.21
 1929   0.13
 1929   0.07
 1929   0.08
 1929   0.08
 1930   0.08
 1930   0.08
 1930   0.04
 1930   0.04
 1930   0.05
 1930   0.07
 1930   0.10
 1930   0.22
 1930   0.14
 1930   0.07
 1930   0.08
 1930   0.08
 1931   0.08
 1931   0.08
 1931   0.04
 1931   0.04
 1931   0.05
 1931   0.08
 1931   0.11
 1931   0.24
 1931   0.15
 1931   0.06
 1931   0.08
 1931   0.08
 1932   0.08
 1932   0.08
 1932   0.03
 1932   0.04
 1932   0.04
 1932   0.09
 1932   0.13
 1932   0.27
 1932   0.18
 1932   0.06
 1932   0.08
 1932   0.08
 1933   0.08
 1933   0.08
 1933   0.05
 1933   0.05
 1933   0.05
 1933   0.05
 1933   0.07
 1933   0.18
 1933   0.11
 1933   0.07
 1933   0.08
 1933   0.08
 1934   0.08
 1934   0.08
 1934   0.04
 1934   0.04
 1934   0.05
 1934   0.06
 1934   0.09
 1934   0.20
 1934   0.13
 1934   0.07
 1934   0.08
 1934   0.08
 1935   0.08
 1935   0.08
 1935   0.05
 1935   0.05
 1935   0.05
 1935   0.04
 1935   0.06
 1935   0.16
 1935   0.09
 1935   0.07
 1935   0.08
 1935   0.08
 1936   0.08
 1936   0.08
 1936   0.04
 1936   0.04
 1936   0.05
 1936   0.08
 1936   0.10
 1936   0.23
 1936   0.15
 1936   0.06
 1936   0.08
 1936   0.08
 1937   0.08
 1937   0.08
 1937   0.04
 1937   0.04
 1937   0.05
 1937   0.08
 1937   0.10
 1937   0.23
 1937   0.15
 1937   0.06
 1937   0.08
 1937   0.08
 1938   0.08
 1938   0.08
 1938   0.04
 1938   0.04
 1938   0.04
 1938   0.08
 1938   0.11
 1938   0.25
 1938   0.16
 1938   0.06
 1938   0.08
 1938   0.08
 1939   0.08
 1939   0.08
 1939   0.04
 1939   0.04
 1939   0.05
 1939   0.07
 1939   0.09
 1939   0.21
 1939   0.14
 1939   0.07
 1939   0.08
 1939   0.08
 1940   0.08
 1940   0.08
 1940   0.03
 1940   0.03
 1940   0.04
 1940   0.11
 1940   0.14
 1940   0.30
 1940   0.20
 1940   0.06
 1940   0.07
 1940   0.08
 1941   0.08
 1941   0.08
 1941   0.03
 1941   0.03
 1941   0.04
 1941   0.10
 1941   0.14
 1941   0.29
 1941   0.19
 1941   0.06
 1941   0.08
 1941   0.08
 1942   0.08
 1942   0.08
 1942   0.03
 1942   0.03
 1942   0.04
 1942   0.11
 1942   0.14
 1942   0.30
 1942   0.20
 1942   0.06
 1942   0.07
 1942   0.08
 1943   0.08
 1943   0.08
 1943   0.04
 1943   0.04
 1943   0.05
 1943   0.07
 1943   0.10
 1943   0.22
 1943   0.14
 1943   0.06
 1943   0.08
 1943   0.08
 1944   0.08
 1944   0.08
 1944   0.03
 1944   0.03
 1944   0.04
 1944   0.10
 1944   0.13
 1944   0.28
 1944   0.19
 1944   0.06
 1944   0.08
 1944   0.08
 1945   0.08
 1945   0.08
 1945   0.04
 1945   0.04
 1945   0.05
 1945   0.07
 1945   0.09
 1945   0.21
 1945   0.14
 1945   0.07
 1945   0.08
 1945   0.08
 1946   0.08
 1946   0.08
 1946   0.04
 1946   0.04
 1946   0.05
 1946   0.06
 1946   0.09
 1946   0.21
 1946   0.13
 1946   0.07
 1946   0.08
 1946   0.08
 1947   0.08
 1947   0.08
 1947   0.02
 1947   0.02
 1947   0.03
 1947   0.14
 1947   0.18
 1947   0.36
 1947   0.24
 1947   0.06
 1947   0.07
 1947   0.08
 1948   0.08
 1948   0.08
 1948   0.04
 1948   0.04
 1948   0.04
 1948   0.08
 1948   0.11
 1948   0.24
 1948   0.16
 1948   0.06
 1948   0.08
 1948   0.08
 1949   0.08
 1949   0.08
 1949   0.04
 1949   0.04
 1949   0.05
 1949   0.07
 1949   0.10
 1949   0.23
 1949   0.15
 1949   0.06
 1949   0.08
 1949   0.08
 1950   0.08
 1950   0.08
 1950   0.05
 1950   0.05
 1950   0.05
 1950   0.05
 1950   0.07
 1950   0.18
 1950   0.11
 1950   0.07
 1950   0.08
 1950   0.08
