 1921   0.08
 1921   0.04
 1921   0.04
 1921   0.05
 1921   0.01
 1921   0.13
 1921   0.01
 1921   0.05
 1921   0.12
 1921   0.01
 1921   0.02
 1921   0.06
 1922   0.08
 1922   0.03
 1922   0.04
 1922   0.07
 1922   0.00
 1922   0.16
 1922   0.01
 1922   0.04
 1922   0.16
 1922   0.02
 1922   0.01
 1922   0.06
 1923   0.08
 1923   0.04
 1923   0.04
 1923   0.05
 1923   0.01
 1923   0.13
 1923   0.00
 1923   0.04
 1923   0.13
 1923   0.01
 1923   0.02
 1923   0.06
 1924   0.08
 1924   0.03
 1924   0.04
 1924   0.07
 1924   0.01
 1924   0.17
 1924   0.01
 1924   0.04
 1924   0.16
 1924   0.02
 1924   0.00
 1924   0.06
 1925   0.08
 1925   0.04
 1925   0.05
 1925   0.04
 1925   0.01
 1925   0.11
 1925   0.01
 1925   0.05
 1925   0.11
 1925   0.00
 1925   0.02
 1925   0.06
 1926   0.08
 1926   0.04
 1926   0.04
 1926   0.06
 1926   0.00
 1926   0.14
 1926   0.00
 1926   0.04
 1926   0.14
 1926   0.01
 1926   0.01
 1926   0.06
 1927   0.08
 1927   0.04
 1927   0.04
 1927   0.05
 1927   0.01
 1927   0.13
 1927   0.00
 1927   0.04
 1927   0.13
 1927   0.01
 1927   0.02
 1927   0.06
 1928   0.08
 1928   0.04
 1928   0.04
 1928   0.05
 1928   0.01
 1928   0.13
 1928   0.00
 1928   0.04
 1928   0.13
 1928   0.01
 1928   0.01
 1928   0.06
 1929   0.08
 1929   0.04
 1929   0.04
 1929   0.05
 1929   0.01
 1929   0.13
 1929   0.00
 1929   0.04
 1929   0.13
 1929   0.01
 1929   0.02
 1929   0.06
 1930   0.08
 1930   0.03
 1930   0.04
 1930   0.07
 1930   0.01
 1930   0.17
 1930   0.01
 1930   0.04
 1930   0.16
 1930   0.02
 1930   0.00
 1930   0.06
 1931   0.08
 1931   0.04
 1931   0.04
 1931   0.05
 1931   0.01
 1931   0.12
 1931   0.01
 1931   0.05
 1931   0.12
 1931   0.01
 1931   0.02
 1931   0.06
 1932   0.08
 1932   0.03
 1932   0.04
 1932   0.07
 1932   0.00
 1932   0.15
 1932   0.01
 1932   0.04
 1932   0.15
 1932   0.02
 1932   0.01
 1932   0.06
 1933   0.08
 1933   0.04
 1933   0.04
 1933   0.06
 1933   0.00
 1933   0.15
 1933   0.00
 1933   0.04
 1933   0.15
 1933   0.02
 1933   0.01
 1933   0.06
 1934   0.08
 1934   0.03
 1934   0.04
 1934   0.07
 1934   0.00
 1934   0.16
 1934   0.01
 1934   0.04
 1934   0.15
 1934   0.02
 1934   0.01
 1934   0.06
 1935   0.08
 1935   0.04
 1935   0.04
 1935   0.05
 1935   0.01
 1935   0.12
 1935   0.01
 1935   0.05
 1935   0.12
 1935   0.01
 1935   0.02
 1935   0.06
 1936   0.08
 1936   0.04
 1936   0.04
 1936   0.05
 1936   0.00
 1936   0.14
 1936   0.00
 1936   0.04
 1936   0.13
 1936   0.01
 1936   0.01
 1936   0.06
 1937   0.08
 1937   0.04
 1937   0.04
 1937   0.06
 1937   0.00
 1937   0.14
 1937   0.00
 1937   0.04
 1937   0.14
 1937   0.01
 1937   0.01
 1937   0.06
 1938   0.08
 1938   0.03
 1938   0.04
 1938   0.07
 1938   0.01
 1938   0.16
 1938   0.01
 1938   0.04
 1938   0.16
 1938   0.02
 1938   0.01
 1938   0.06
 1939   0.08
 1939   0.03
 1939   0.04
 1939   0.07
 1939   0.00
 1939   0.15
 1939   0.01
 1939   0.04
 1939   0.15
 1939   0.02
 1939   0.01
 1939   0.06
 1940   0.08
 1940   0.03
 1940   0.04
 1940   0.06
 1940   0.00
 1940   0.15
 1940   0.00
 1940   0.04
 1940   0.15
 1940   0.02
 1940   0.01
 1940   0.06
 1941   0.08
 1941   0.04
 1941   0.04
 1941   0.05
 1941   0.01
 1941   0.13
 1941   0.00
 1941   0.04
 1941   0.13
 1941   0.01
 1941   0.02
 1941   0.06
 1942   0.08
 1942   0.03
 1942   0.04
 1942   0.07
 1942   0.01
 1942   0.16
 1942   0.01
 1942   0.04
 1942   0.16
 1942   0.02
 1942   0.01
 1942   0.06
 1943   0.08
 1943   0.04
 1943   0.04
 1943   0.04
 1943   0.01
 1943   0.12
 1943   0.01
 1943   0.05
 1943   0.12
 1943   0.00
 1943   0.02
 1943   0.06
 1944   0.08
 1944   0.03
 1944   0.04
 1944   0.07
 1944   0.01
 1944   0.17
 1944   0.01
 1944   0.04
 1944   0.16
 1944   0.02
 1944   0.00
 1944   0.06
 1945   0.08
 1945   0.03
 1945   0.03
 1945   0.08
 1945   0.01
 1945   0.17
 1945   0.01
 1945   0.04
 1945   0.17
 1945   0.03
 1945   0.00
 1945   0.06
 1946   0.08
 1946   0.03
 1946   0.03
 1946   0.09
 1946   0.02
 1946   0.20
 1946   0.02
 1946   0.03
 1946   0.19
 1946   0.04
 1946   0.01
 1946   0.05
 1947   0.08
 1947   0.04
 1947   0.05
 1947   0.03
 1947   0.02
 1947   0.10
 1947   0.01
 1947   0.05
 1947   0.10
 1947   0.00
 1947   0.02
 1947   0.06
 1948   0.08
 1948   0.04
 1948   0.04
 1948   0.06
 1948   0.00
 1948   0.15
 1948   0.00
 1948   0.04
 1948   0.15
 1948   0.02
 1948   0.01
 1948   0.06
 1949   0.08
 1949   0.04
 1949   0.05
 1949   0.04
 1949   0.01
 1949   0.11
 1949   0.01
 1949   0.05
 1949   0.11
 1949   0.00
 1949   0.02
 1949   0.06
 1950   0.08
 1950   0.03
 1950   0.03
 1950   0.09
 1950   0.02
 1950   0.19
 1950   0.02
 1950   0.03
 1950   0.19
 1950   0.04
 1950   0.00
 1950   0.05
