 1921   0.08
 1921   0.06
 1921   0.06
 1921   0.01
 1921   0.10
 1921   0.04
 1921   0.04
 1921   0.06
 1921   0.13
 1921   0.02
 1921   0.04
 1921   0.08
 1922   0.08
 1922   0.05
 1922   0.05
 1922   0.01
 1922   0.14
 1922   0.07
 1922   0.07
 1922   0.09
 1922   0.18
 1922   0.01
 1922   0.03
 1922   0.08
 1923   0.08
 1923   0.06
 1923   0.06
 1923   0.00
 1923   0.13
 1923   0.06
 1923   0.06
 1923   0.08
 1923   0.17
 1923   0.01
 1923   0.03
 1923   0.08
 1924   0.08
 1924   0.06
 1924   0.06
 1924   0.00
 1924   0.13
 1924   0.06
 1924   0.06
 1924   0.08
 1924   0.17
 1924   0.01
 1924   0.03
 1924   0.08
 1925   0.08
 1925   0.06
 1925   0.06
 1925   0.01
 1925   0.10
 1925   0.04
 1925   0.04
 1925   0.06
 1925   0.14
 1925   0.02
 1925   0.04
 1925   0.08
 1926   0.08
 1926   0.06
 1926   0.06
 1926   0.00
 1926   0.13
 1926   0.06
 1926   0.06
 1926   0.08
 1926   0.17
 1926   0.01
 1926   0.03
 1926   0.08
 1927   0.08
 1927   0.06
 1927   0.06
 1927   0.00
 1927   0.13
 1927   0.06
 1927   0.06
 1927   0.08
 1927   0.16
 1927   0.02
 1927   0.04
 1927   0.08
 1928   0.08
 1928   0.06
 1928   0.06
 1928   0.00
 1928   0.12
 1928   0.06
 1928   0.06
 1928   0.08
 1928   0.16
 1928   0.02
 1928   0.04
 1928   0.08
 1929   0.08
 1929   0.06
 1929   0.06
 1929   0.01
 1929   0.11
 1929   0.04
 1929   0.04
 1929   0.06
 1929   0.14
 1929   0.02
 1929   0.04
 1929   0.08
 1930   0.08
 1930   0.06
 1930   0.06
 1930   0.00
 1930   0.13
 1930   0.06
 1930   0.06
 1930   0.08
 1930   0.17
 1930   0.01
 1930   0.03
 1930   0.08
 1931   0.08
 1931   0.06
 1931   0.06
 1931   0.00
 1931   0.12
 1931   0.05
 1931   0.05
 1931   0.07
 1931   0.15
 1931   0.02
 1931   0.04
 1931   0.08
 1932   0.08
 1932   0.05
 1932   0.05
 1932   0.02
 1932   0.18
 1932   0.09
 1932   0.09
 1932   0.12
 1932   0.22
 1932   0.00
 1932   0.02
 1932   0.08
 1933   0.08
 1933   0.06
 1933   0.06
 1933   0.01
 1933   0.09
 1933   0.03
 1933   0.03
 1933   0.05
 1933   0.12
 1933   0.03
 1933   0.04
 1933   0.08
 1934   0.08
 1934   0.06
 1934   0.06
 1934   0.01
 1934   0.11
 1934   0.05
 1934   0.05
 1934   0.06
 1934   0.14
 1934   0.02
 1934   0.04
 1934   0.08
 1935   0.08
 1935   0.05
 1935   0.05
 1935   0.02
 1935   0.16
 1935   0.08
 1935   0.08
 1935   0.10
 1935   0.21
 1935   0.00
 1935   0.03
 1935   0.08
 1936   0.08
 1936   0.06
 1936   0.06
 1936   0.00
 1936   0.13
 1936   0.06
 1936   0.06
 1936   0.08
 1936   0.17
 1936   0.01
 1936   0.03
 1936   0.08
 1937   0.08
 1937   0.05
 1937   0.05
 1937   0.03
 1937   0.19
 1937   0.10
 1937   0.10
 1937   0.12
 1937   0.23
 1937   0.00
 1937   0.02
 1937   0.08
 1938   0.08
 1938   0.06
 1938   0.06
 1938   0.00
 1938   0.13
 1938   0.06
 1938   0.06
 1938   0.08
 1938   0.16
 1938   0.02
 1938   0.04
 1938   0.08
 1939   0.08
 1939   0.05
 1939   0.05
 1939   0.01
 1939   0.14
 1939   0.07
 1939   0.07
 1939   0.09
 1939   0.18
 1939   0.01
 1939   0.03
 1939   0.08
 1940   0.08
 1940   0.06
 1940   0.06
 1940   0.00
 1940   0.13
 1940   0.06
 1940   0.06
 1940   0.08
 1940   0.17
 1940   0.01
 1940   0.03
 1940   0.08
 1941   0.08
 1941   0.06
 1941   0.06
 1941   0.00
 1941   0.13
 1941   0.06
 1941   0.06
 1941   0.08
 1941   0.17
 1941   0.01
 1941   0.03
 1941   0.08
 1942   0.08
 1942   0.05
 1942   0.05
 1942   0.01
 1942   0.16
 1942   0.08
 1942   0.08
 1942   0.10
 1942   0.20
 1942   0.01
 1942   0.03
 1942   0.08
 1943   0.08
 1943   0.06
 1943   0.06
 1943   0.01
 1943   0.14
 1943   0.06
 1943   0.06
 1943   0.08
 1943   0.18
 1943   0.01
 1943   0.03
 1943   0.08
 1944   0.08
 1944   0.05
 1944   0.05
 1944   0.01
 1944   0.16
 1944   0.08
 1944   0.08
 1944   0.10
 1944   0.20
 1944   0.00
 1944   0.03
 1944   0.08
 1945   0.08
 1945   0.05
 1945   0.05
 1945   0.03
 1945   0.19
 1945   0.10
 1945   0.10
 1945   0.13
 1945   0.24
 1945   0.01
 1945   0.02
 1945   0.08
 1946   0.08
 1946   0.05
 1946   0.05
 1946   0.02
 1946   0.18
 1946   0.09
 1946   0.09
 1946   0.12
 1946   0.23
 1946   0.00
 1946   0.02
 1946   0.08
 1947   0.08
 1947   0.06
 1947   0.06
 1947   0.01
 1947   0.10
 1947   0.04
 1947   0.04
 1947   0.05
 1947   0.13
 1947   0.02
 1947   0.04
 1947   0.08
 1948   0.08
 1948   0.05
 1948   0.05
 1948   0.03
 1948   0.19
 1948   0.10
 1948   0.10
 1948   0.12
 1948   0.23
 1948   0.00
 1948   0.02
 1948   0.08
 1949   0.08
 1949   0.06
 1949   0.06
 1949   0.00
 1949   0.12
 1949   0.05
 1949   0.05
 1949   0.07
 1949   0.15
 1949   0.02
 1949   0.04
 1949   0.08
 1950   0.08
 1950   0.05
 1950   0.05
 1950   0.03
 1950   0.20
 1950   0.10
 1950   0.10
 1950   0.13
 1950   0.25
 1950   0.01
 1950   0.02
 1950   0.08
